Begin_CYLINDER
axis_vec ndarray 3 0
 [0 1 0]
err 1000000.0
fit_radius_2d_err 1000000.0
height 1
height_distributon_err 1000000.0
optimize_ang_err 1000000.0
percentage_in_err 1000000.0
percentage_out_err 1000000.0
radius 0.1
radius_err 1000000.0
x_vec ndarray 3 0
 [1 0 0]
y_vec ndarray 3 0
 [0 0 1]
Begin_PTSFORFIT
id 44221
pca_err 1000000.0
pca_vals list 3
 [1, 1, 1]
pca_vecs ndarray 3 3
 [1. 0. 0.]
 [0. 1. 0.]
 [0. 0. 1.]
pt_center ndarray 3 0
 [0 0 0]
pts ndarray 904 3
 [0.47601625 1.3943149  0.76015598]
 [0.46728617 1.3882997  0.75140017]
 [0.46329758 1.3861307  0.74872065]
 [0.46563777 1.3839891  0.75470334]
 [0.46663672 1.3874229  0.76312143]
 [0.46554762 1.3900768  0.75262576]
 [0.46967384 1.3927757  0.75668919]
 [0.46341464 1.4023474  0.76681823]
 [0.47301185 1.3893241  0.75225908]
 [0.47101161 1.3942839  0.76560807]
 [0.472711   1.3981282  0.75025696]
 [0.47327206 1.39618    0.75794417]
 [0.47401002 1.3999821  0.76415634]
 [0.4792684  1.3838524  0.75663185]
 [0.47713998 1.3846468  0.76102161]
 [0.47931617 1.388822   0.76670694]
 [0.47831157 1.3903297  0.75420839]
 [0.48028252 1.3939093  0.75524944]
 [0.47669533 1.3950716  0.76462096]
 [0.47970912 1.3970803  0.75145727]
 [0.48195142 1.4014244  0.75159776]
 [0.45986196 1.3821685  0.75166446]
 [0.46039203 1.379887   0.75822335]
 [0.4601669  1.3808347  0.75855118]
 [0.45882338 1.3793803  0.75504547]
 [0.4577651  1.3878242  0.74483049]
 [0.45866975 1.3841195  0.7545833 ]
 [0.4574095  1.3841347  0.74824673]
 [0.46280876 1.393191   0.74557859]
 [0.46143049 1.3919332  0.75040144]
 [0.46205851 1.3939714  0.74997449]
 [0.46156436 1.3895484  0.7526117 ]
 [0.46335149 1.3815833  0.75298023]
 [0.46768242 1.3781965  0.75836354]
 [0.46692604 1.3813003  0.75795066]
 [0.46421516 1.3785466  0.75840425]
 [0.4648858  1.3933126  0.74411666]
 [0.46351954 1.3915159  0.7422716 ]
 [0.47570136 1.3878875  0.74529755]
 [0.47399181 1.3920592  0.7468468 ]
 [0.46294364 1.3813369  0.76509488]
 [0.45673373 1.3813102  0.7646122 ]
 [0.4580901  1.3876777  0.76695144]
 [0.46191806 1.3835744  0.76228547]
 [0.46314606 1.390062   0.7653482 ]
 [0.46593019 1.3802009  0.76524329]
 [0.47039866 1.3802807  0.76630127]
 [0.46147609 1.383768   0.77289677]
 [0.4615261  1.383016   0.76843768]
 [0.45856869 1.3927956  0.77152348]
 [0.46279693 1.3927163  0.77159315]
 [0.46367481 1.3866755  0.76812583]
 [0.47155303 1.3807832  0.77206594]
 [0.47016379 1.3768392  0.77460438]
 [0.47160101 1.3856295  0.76933849]
 [0.47253561 1.3824865  0.76898599]
 [0.46289885 1.3992348  0.7490086 ]
 [0.46085867 1.3993247  0.75965232]
 [0.45719382 1.4018155  0.75669849]
 [0.46048453 1.3979954  0.76664007]
 [0.45697007 1.3963867  0.76319981]
 [0.45803031 1.4071167  0.75573856]
 [0.46005437 1.4026614  0.75566322]
 [0.46501073 1.4085615  0.76479501]
 [0.46714225 1.4068127  0.76144326]
 [0.47411102 1.4039425  0.76482546]
 [0.47818938 1.3844151  0.74419087]
 [0.48140478 1.3886057  0.74704438]
 [0.47762251 1.3963518  0.74700356]
 [0.47853699 1.38703    0.76885843]
 [0.47844148 1.3795284  0.75650781]
 [0.48127899 1.3819606  0.76065576]
 [0.48680609 1.3784564  0.75772619]
 [0.48826683 1.3817123  0.76444864]
 [0.48704827 1.3875396  0.75094402]
 [0.48678881 1.3836347  0.7590524 ]
 [0.48706746 1.3886609  0.76683939]
 [0.48456645 1.391028   0.75206512]
 [0.48729801 1.3891883  0.75426769]
 [0.48713332 1.3801025  0.77056164]
 [0.48981166 1.3867959  0.76905107]
 [0.48753166 1.3867739  0.7465679 ]
 [0.48833293 1.3894328  0.7433551 ]
 [0.48619968 1.3997785  0.74283427]
 [0.48886073 1.3961186  0.7471956 ]
 [0.48842275 1.4072791  0.76071912]
 [0.45244834 1.3705434  0.74484956]
 [0.45377353 1.3749088  0.74998873]
 [0.45391336 1.3784418  0.74571145]
 [0.45142648 1.3768727  0.74240106]
 [0.45554769 1.3759418  0.75455421]
 [0.45416367 1.3786069  0.75874722]
 [0.45086452 1.3807132  0.75874949]
 [0.45239744 1.3782213  0.75473106]
 [0.45009392 1.3758904  0.75993079]
 [0.45376986 1.3836067  0.74470037]
 [0.45234379 1.3871086  0.74309826]
 [0.45259824 1.3805341  0.76424754]
 [0.45617965 1.3817255  0.76346439]
 [0.45391744 1.3863332  0.76452523]
 [0.46421689 1.3744341  0.7627176 ]
 [0.45348161 1.3939865  0.74266839]
 [0.45626888 1.3939344  0.74271649]
 [0.45091337 1.3906127  0.74149251]
 [0.46139604 1.386647   0.73633879]
 [0.45863596 1.3899616  0.73887974]
 [0.45733684 1.3946203  0.73728842]
 [0.46313468 1.3918171  0.73535389]
 [0.46542805 1.3848654  0.73584026]
 [0.46474522 1.3885739  0.73741764]
 [0.45491347 1.3956572  0.75871301]
 [0.45734686 1.3969034  0.74117637]
 [0.45403057 1.4010398  0.75496322]
 [0.47163948 1.390659   0.73530716]
 [0.45088583 1.3725598  0.77390933]
 [0.45245752 1.3769784  0.7685523 ]
 [0.45475262 1.3819834  0.77311343]
 [0.45507181 1.3812311  0.76869738]
 [0.45519435 1.3831475  0.76832944]
 [0.46994114 1.3752078  0.7712428 ]
 [0.45545059 1.3915775  0.76359308]
 [0.45407292 1.3894138  0.77024782]
 [0.45457625 1.3775241  0.77851146]
 [0.45157662 1.3909954  0.77913898]
 [0.45295861 1.3919365  0.7752946 ]
 [0.45737687 1.3774717  0.77855963]
 [0.45749688 1.3943641  0.7804566 ]
 [0.45846438 1.3900976  0.77477902]
 [0.46555507 1.380067   0.77729619]
 [0.46584132 1.390628   0.77541929]
 [0.46398816 1.3952364  0.78075677]
 [0.45473868 1.3962219  0.77823246]
 [0.45881194 1.3959507  0.77994198]
 [0.46322253 1.396062   0.77837217]
 [0.47120488 1.3802509  0.77703196]
 [0.47491655 1.3772967  0.77580553]
 [0.47145957 1.3896046  0.77660114]
 [0.46394014 1.3714033  0.77698034]
 [0.4788163  1.3783174  0.77811581]
 [0.48193759 1.3817021  0.77937889]
 [0.48102751 1.380967   0.77490532]
 [0.47734913 1.3810273  0.77605444]
 [0.48078039 1.3938105  0.77690434]
 [0.46229529 1.4036407  0.74909705]
 [0.45603707 1.4124941  0.75472724]
 [0.46170196 1.4123766  0.75482404]
 [0.48879838 1.3927875  0.74055248]
 [0.4895882  1.381376   0.77554196]
 [0.48482132 1.383445   0.77725828]
 [0.48943639 1.3886156  0.776375  ]
 [0.48683387 1.3894316  0.78080738]
 [0.49644721 1.3732004  0.7533803 ]
 [0.49335712 1.3723248  0.76661295]
 [0.49605358 1.3723528  0.76391375]
 [0.49067396 1.3702917  0.76747155]
 [0.49402595 1.3772693  0.75380099]
 [0.49248123 1.3816248  0.76452059]
 [0.49159461 1.3763984  0.76546019]
 [0.49129915 1.3870564  0.75802672]
 [0.49304849 1.384016   0.76165313]
 [0.48889405 1.3741894  0.77345061]
 [0.49440825 1.3816125  0.77404338]
 [0.49005067 1.3891681  0.74487579]
 [0.4901678  1.3909227  0.75215739]
 [0.49042302 1.3925793  0.75548828]
 [0.49447989 1.3960018  0.74729156]
 [0.48922628 1.3708782  0.77741241]
 [0.49425727 1.3742127  0.778723  ]
 [0.49436879 1.3769184  0.77548283]
 [0.49443173 1.3916086  0.73851508]
 [0.49189508 1.3902386  0.73565322]
 [0.49486661 1.4081658  0.75419599]
 [0.48793179 1.4135454  0.75864965]
 [0.49405009 1.4062541  0.76190299]
 [0.49577647 1.4151016  0.76217216]
 [0.44343722 1.3667681  0.74427825]
 [0.44917828 1.3633143  0.74325329]
 [0.44526464 1.3741624  0.73531777]
 [0.44354162 1.3694054  0.74108565]
 [0.44717345 1.3699747  0.74817008]
 [0.44390219 1.3693712  0.75204372]
 [0.44793329 1.3766334  0.75317293]
 [0.44890475 1.3812606  0.75345898]
 [0.45143378 1.3682126  0.74767637]
 [0.44806927 1.3748959  0.75586253]
 [0.44408146 1.3709801  0.75534797]
 [0.44889423 1.3794038  0.75834793]
 [0.44410622 1.376655   0.75491989]
 [0.44862562 1.3879228  0.73612547]
 [0.44783285 1.3864914  0.75245243]
 [0.44509408 1.3865086  0.74840969]
 [0.4470298  1.3880665  0.75383377]
 [0.44715884 1.3849688  0.76086909]
 [0.44747826 1.3796616  0.76367128]
 [0.44531137 1.3773594  0.76466948]
 [0.44914344 1.3809637  0.7644273 ]
 [0.44350758 1.3801754  0.7654134 ]
 [0.44837061 1.3826414  0.76348871]
 [0.4487094  1.3916843  0.74749213]
 [0.44723123 1.3753551  0.7723791 ]
 [0.44390672 1.3726904  0.77378923]
 [0.44620514 1.3785954  0.77384949]
 [0.44815814 1.3787644  0.76906759]
 [0.44878829 1.3814752  0.77038139]
 [0.44805363 1.3760953  0.77229893]
 [0.44818681 1.3860698  0.76895303]
 [0.44521627 1.3835064  0.76938933]
 [0.44981685 1.3885953  0.77126163]
 [0.44986358 1.3904792  0.75959283]
 [0.44530267 1.3964803  0.73511875]
 [0.45194736 1.3807818  0.7315414 ]
 [0.45226124 1.3765585  0.72877765]
 [0.45162916 1.3850244  0.7343154 ]
 [0.45113227 1.3912822  0.73081028]
 [0.45037618 1.391362   0.72809577]
 [0.46013778 1.3884236  0.73017955]
 [0.45725971 1.3841635  0.73006278]
 [0.45859694 1.3848799  0.73443443]
 [0.46556526 1.3884137  0.73155826]
 [0.46509668 1.38842    0.73014522]
 [0.46466589 1.3953478  0.73108459]
 [0.4565039  1.3971612  0.73422796]
 [0.4621906  1.3997282  0.73109555]
 [0.45759597 1.3958515  0.73052084]
 [0.47264284 1.3872699  0.73146343]
 [0.47419971 1.3841094  0.72999597]
 [0.48154229 1.3888732  0.72947484]
 [0.48129216 1.3896322  0.73382479]
 [0.4485687  1.3786114  0.77917093]
 [0.44337365 1.3777344  0.77831888]
 [0.45004728 1.3690171  0.77820212]
 [0.45500302 1.3707035  0.77613372]
 [0.44515494 1.3839543  0.77817672]
 [0.4454219  1.3841857  0.77660948]
 [0.44925115 1.3889207  0.77625591]
 [0.44807988 1.3800921  0.78153139]
 [0.44875544 1.3821805  0.78439134]
 [0.44649217 1.3872546  0.78502041]
 [0.44719899 1.3846658  0.78270239]
 [0.45215696 1.3871371  0.78511715]
 [0.45490387 1.3969997  0.78272891]
 [0.45735407 1.3993653  0.7867763 ]
 [0.4566634  1.3976847  0.78332937]
 [0.4701975  1.3966242  0.77904701]
 [0.483114   1.3999958  0.77490973]
 [0.46040601 1.4194819  0.7572028 ]
 [0.48734057 1.3895065  0.73392814]
 [0.49359792 1.3944505  0.72796023]
 [0.49366581 1.3977926  0.73256803]
 [0.49820983 1.3707762  0.75626922]
 [0.50195658 1.3712953  0.75561851]
 [0.49946004 1.3785101  0.74699962]
 [0.49832487 1.3766639  0.75185561]
 [0.50302017 1.3808146  0.75477666]
 [0.49891418 1.3740816  0.76181006]
 [0.50088674 1.3782029  0.76743728]
 [0.50289208 1.3817419  0.76315504]
 [0.49835396 1.3798915  0.77074641]
 [0.50117874 1.3871406  0.74721694]
 [0.50311404 1.3827604  0.74715585]
 [0.49908906 1.3879392  0.75158447]
 [0.50243104 1.3835218  0.75154018]
 [0.50287318 1.3878673  0.761096  ]
 [0.49819309 1.3848138  0.77135921]
 [0.49744314 1.3831729  0.76797056]
 [0.48076108 1.3678029  0.77052861]
 [0.47788653 1.3660659  0.77263045]
 [0.48269212 1.3625575  0.77150327]
 [0.47996682 1.3667432  0.77711087]
 [0.4841373  1.3657569  0.77825934]
 [0.49155694 1.3673153  0.77899808]
 [0.4984948  1.3838286  0.77522433]
 [0.49832523 1.3923846  0.7390883 ]
 [0.50258541 1.3910406  0.7380634 ]
 [0.50287861 1.3936608  0.72883338]
 [0.4880442  1.416273   0.75538301]
 [0.49229264 1.4163277  0.75746351]
 [0.50288069 1.4149541  0.76229352]
 [0.49873078 1.4177747  0.75894874]
 [0.50295573 1.4167755  0.76011223]
 [0.44061735 1.374583   0.74002445]
 [0.44027871 1.3753166  0.74434572]
 [0.44260809 1.37335    0.75193655]
 [0.44290867 1.371737   0.74866402]
 [0.44841468 1.361046   0.73570454]
 [0.43850017 1.3722976  0.73243803]
 [0.43795672 1.3772764  0.73677909]
 [0.44206086 1.3820403  0.74497759]
 [0.43668681 1.3807091  0.74485511]
 [0.43889275 1.3752098  0.76082164]
 [0.43970335 1.3794438  0.74981648]
 [0.44237715 1.3779691  0.75218999]
 [0.44149035 1.3813496  0.74932432]
 [0.43797201 1.3779963  0.74809319]
 [0.43998966 1.3816739  0.75423765]
 [0.43711162 1.3769562  0.75461823]
 [0.4393267  1.379302   0.75524694]
 [0.44270831 1.376573   0.76091886]
 [0.43701473 1.3865089  0.74390787]
 [0.44310999 1.3866967  0.74290943]
 [0.43715882 1.3851029  0.74222744]
 [0.44319549 1.3871734  0.75165784]
 [0.43675426 1.3846709  0.74876249]
 [0.43690774 1.3840898  0.76002938]
 [0.43875498 1.3716471  0.76512063]
 [0.44007149 1.3751599  0.7620362 ]
 [0.43837294 1.379303   0.76239651]
 [0.44270831 1.3838872  0.76378131]
 [0.43852025 1.3825055  0.76459223]
 [0.43986821 1.3845248  0.72976565]
 [0.44155714 1.3888093  0.72986209]
 [0.44072768 1.3922491  0.73166645]
 [0.44142738 1.3940415  0.72885567]
 [0.44752219 1.3868978  0.73210454]
 [0.43713284 1.3949875  0.76502937]
 [0.44056869 1.3766543  0.7696802 ]
 [0.44245392 1.3805765  0.76955879]
 [0.43733937 1.3809693  0.76911139]
 [0.44246355 1.3762003  0.77220273]
 [0.44325966 1.3808297  0.7735222 ]
 [0.43907574 1.3878493  0.7681843 ]
 [0.43842956 1.3779823  0.77520466]
 [0.44136658 1.380468   0.78111988]
 [0.43842828 1.3760861  0.78105813]
 [0.43879026 1.3866547  0.78038687]
 [0.44040674 1.3830007  0.77730238]
 [0.44015896 1.4027801  0.72896677]
 [0.4488267  1.3973056  0.73410159]
 [0.44576004 1.4026637  0.7290625 ]
 [0.44890001 1.3767895  0.72333747]
 [0.4462027  1.3861781  0.72773665]
 [0.4502115  1.3749857  0.72548687]
 [0.44770631 1.3913637  0.72675616]
 [0.45035002 1.3923129  0.7243247 ]
 [0.46303532 1.3910452  0.72701806]
 [0.45662612 1.3953252  0.7258985 ]
 [0.44925615 1.4000216  0.72690809]
 [0.45929769 1.4007882  0.72455448]
 [0.46229395 1.4024004  0.7278713 ]
 [0.46839204 1.386013   0.7235831 ]
 [0.46371129 1.3873988  0.72265685]
 [0.46981776 1.3831609  0.72594237]
 [0.47236982 1.3880994  0.72218639]
 [0.44587106 1.405356   0.72583783]
 [0.44664484 1.4045597  0.72149467]
 [0.45936647 1.4025664  0.72240835]
 [0.47688589 1.3865212  0.72395343]
 [0.4829939 1.3887348 0.7226485]
 [0.4890973  1.3916962  0.72603613]
 [0.48743045 1.3897849  0.72309798]
 [0.48910511 1.3984239  0.72323793]
 [0.43786758 1.3737046  0.78393501]
 [0.4394111  1.3874015  0.78489935]
 [0.44010529 1.3714696  0.79047561]
 [0.43971851 1.3748443  0.79452008]
 [0.43852311 1.3822266  0.78979951]
 [0.4420751  1.3832581  0.78983957]
 [0.44612011 1.3713739  0.78964728]
 [0.44912586 1.3785241  0.7906006 ]
 [0.44404522 1.3803961  0.7892735 ]
 [0.44708902 1.3870943  0.7906366 ]
 [0.44731152 1.3842093  0.78866005]
 [0.45250621 1.3802371  0.78941303]
 [0.45184237 1.3876021  0.78999144]
 [0.45630679 1.3890336  0.79369026]
 [0.43931311 1.3907531  0.79176307]
 [0.4385899  1.3933642  0.79410714]
 [0.43865293 1.3890893  0.78831351]
 [0.45182672 1.3907269  0.79031593]
 [0.45643815 1.3922207  0.78987306]
 [0.45962873 1.3800273  0.79232222]
 [0.4600499  1.3956575  0.79119456]
 [0.45727885 1.397541   0.78896111]
 [0.46167323 1.4045138  0.79156107]
 [0.46531147 1.4079878  0.79289204]
 [0.4965418  1.3918394  0.72580665]
 [0.49577832 1.3896114  0.72324055]
 [0.50216502 1.3929147  0.72447562]
 [0.49945164 1.3947589  0.72228861]
 [0.50223875 1.3947011  0.72233623]
 [0.5061534  1.3771257  0.75036305]
 [0.50980049 1.3809731  0.75453401]
 [0.50647587 1.3792601  0.74604738]
 [0.50436312 1.378566   0.74163818]
 [0.50972831 1.3905563  0.74306107]
 [0.48051608 1.3602744  0.77249587]
 [0.48534048 1.3589153  0.77584344]
 [0.5064761  1.3948749  0.72954887]
 [0.50798589 1.3994508  0.73773265]
 [0.50585449 1.3980762  0.72352415]
 [0.50953656 1.4016234  0.72323453]
 [0.43253639 1.3816906  0.74371219]
 [0.43075871 1.3816016  0.75316018]
 [0.43225464 1.3712025  0.7551533 ]
 [0.43359593 1.3795612  0.75681704]
 [0.43262863 1.3757732  0.76018071]
 [0.44332027 1.3621907  0.72922122]
 [0.44750431 1.3638606  0.72717702]
 [0.4349803  1.387158   0.73189032]
 [0.4338744 1.3864781 0.736094 ]
 [0.43307263 1.3875358  0.74005771]
 [0.43332389 1.3868998  0.74274218]
 [0.43661845 1.3848882  0.75041586]
 [0.43637222 1.3845373  0.75419986]
 [0.43456742 1.3717257  0.76505166]
 [0.4308354 1.3786252 0.7673623]
 [0.43535984 1.3877014  0.76629823]
 [0.43157437 1.3945221  0.73686647]
 [0.43250746 1.3926033  0.74445766]
 [0.43035519 1.3916053  0.74242198]
 [0.43218833 1.3942603  0.74774474]
 [0.43483242 1.3955715  0.74294621]
 [0.43043435 1.390956   0.75072467]
 [0.43273559 1.3922129  0.76085174]
 [0.4346981  1.372454   0.76946914]
 [0.43096048 1.379367   0.77179748]
 [0.43654847 1.3823243  0.77280009]
 [0.43485135 1.3936439  0.72386473]
 [0.43017831 1.3955259  0.72582006]
 [0.4335846  1.3901747  0.73354578]
 [0.43930525 1.3942949  0.72200239]
 [0.43352062 1.3986194  0.72607273]
 [0.43119872 1.4000738  0.72171265]
 [0.43168336 1.4011595  0.73097289]
 [0.43737859 1.3994144  0.72596961]
 [0.44226605 1.4001667  0.72678876]
 [0.43746132 1.3994961  0.72235566]
 [0.43099216 1.397058   0.75722182]
 [0.4326981  1.4010229  0.75552976]
 [0.4325037  1.3961104  0.76147741]
 [0.43213174 1.39677    0.76832753]
 [0.4384439  1.3983235  0.77183014]
 [0.43853053 1.401427   0.77354276]
 [0.43778732 1.3966527  0.76842427]
 [0.43324125 1.3955715  0.78059459]
 [0.43341959 1.3703649  0.78264356]
 [0.43220943 1.3691853  0.78340334]
 [0.43231747 1.3756032  0.78167909]
 [0.43100348 1.3754715  0.78721225]
 [0.43177918 1.377799   0.78364581]
 [0.43426651 1.37939    0.78706539]
 [0.43337941 1.3918592  0.78776199]
 [0.43240491 1.3893639  0.78260422]
 [0.44237688 1.4028548  0.72356939]
 [0.44197619 1.3943688  0.71666646]
 [0.44213712 1.3894792  0.71735138]
 [0.45016113 1.3906724  0.72107518]
 [0.43998805 1.3986754  0.71806169]
 [0.44730276 1.3959732  0.71600074]
 [0.44913849 1.4016037  0.71530986]
 [0.45221832 1.3993155  0.71720034]
 [0.46102232 1.3870527  0.71614486]
 [0.45753607 1.3887627  0.71933115]
 [0.45760947 1.3905432  0.71719855]
 [0.46320263 1.3913182  0.71622723]
 [0.46517614 1.388604   0.71946156]
 [0.45874336 1.4082534  0.71746856]
 [0.4629449  1.4046829  0.71913868]
 [0.45857143 1.4082042  0.7201575 ]
 [0.46764818 1.4042987  0.71500343]
 [0.46690035 1.4026538  0.71633327]
 [0.46967959 1.3772831  0.71593398]
 [0.47517484 1.3771803  0.71602863]
 [0.47485453 1.3858759  0.71744639]
 [0.47366428 1.3936408  0.71858835]
 [0.47762832 1.3858182  0.71749383]
 [0.47713038 1.3919201  0.71539813]
 [0.46675697 1.409447   0.71934193]
 [0.47961536 1.4017045  0.71805906]
 [0.48030505 1.4030629  0.72167945]
 [0.43178296 1.3681346  0.79000211]
 [0.43284598 1.3741241  0.79076767]
 [0.43428808 1.3823063  0.78972977]
 [0.44107515 1.3679181  0.79203224]
 [0.43703607 1.3687617  0.79455608]
 [0.44530314 1.3678302  0.79210448]
 [0.43078819 1.3909303  0.79161739]
 [0.43654656 1.3926337  0.78953326]
 [0.44038346 1.3646765  0.79948264]
 [0.43960273 1.3721277  0.79582697]
 [0.44107762 1.3790293  0.80033928]
 [0.4459371  1.3737899  0.80114532]
 [0.44511583 1.3693384  0.79917312]
 [0.4487845 1.3853581 0.7968123]
 [0.44924545 1.3857131  0.80093968]
 [0.44063994 1.3940973  0.79869604]
 [0.44227242 1.3942702  0.79702556]
 [0.44627804 1.3906987  0.79583812]
 [0.45030329 1.3680886  0.79063344]
 [0.45378286 1.3727382  0.7969324 ]
 [0.45518473 1.3747025  0.79877448]
 [0.45446551 1.3743701  0.80038464]
 [0.45101938 1.3765833  0.79653066]
 [0.45596486 1.3768854  0.80074859]
 [0.45147729 1.3816899  0.80122101]
 [0.4546982  1.3845096  0.79911911]
 [0.45302972 1.3859868  0.79463983]
 [0.45899197 1.3733958  0.79956234]
 [0.4621155  1.372601   0.79513073]
 [0.45797667 1.3756315  0.7949357 ]
 [0.45733854 1.3803797  0.79921693]
 [0.4360297 1.4011644 0.7877562]
 [0.43508866 1.3978704  0.79422176]
 [0.43856415 1.3985821  0.79884273]
 [0.46074727 1.3973374  0.79466015]
 [0.46540412 1.3873299  0.8011235 ]
 [0.46486202 1.3920976  0.79677093]
 [0.46330592 1.3940331  0.79859668]
 [0.46349236 1.391452   0.80029422]
 [0.4671582  1.3989043  0.79823464]
 [0.4644157  1.4017092  0.79489797]
 [0.50855017 1.3931179  0.71776295]
 [0.50861853 1.3948877  0.71562696]
 [0.50650406 1.4009032  0.7188592 ]
 [0.51226974 1.3799969  0.74643832]
 [0.51133078 1.3784213  0.74175715]
 [0.51139134 1.3798982  0.7505185 ]
 [0.51647067 1.3841282  0.75070453]
 [0.51292896 1.3831534  0.75720698]
 [0.51328707 1.3807645  0.7389366 ]
 [0.51016814 1.3841081  0.74021435]
 [0.51514983 1.3921345  0.73667043]
 [0.51454246 1.392717   0.74916142]
 [0.51225507 1.3997928  0.72542661]
 [0.51430291 1.3996913  0.72152436]
 [0.51132381 1.4038219  0.73513538]
 [0.50526071 1.4057523  0.72356051]
 [0.50738037 1.4067976  0.72758335]
 [0.5140295  1.3912433  0.71999013]
 [0.51547736 1.3945576  0.71716547]
 [0.51438898 1.3946577  0.72109872]
 [0.51489109 1.3971202  0.71934146]
 [0.51261336 1.4032375  0.72654939]
 [0.42774418 1.378244   0.75194901]
 [0.42368466 1.3838167  0.7359786 ]
 [0.42618057 1.3872335  0.7457183 ]
 [0.42493576 1.387074   0.74259895]
 [0.42510989 1.3890195  0.7455588 ]
 [0.42755941 1.372756   0.75708485]
 [0.42357284 1.3763889  0.75949401]
 [0.42870349 1.3831027  0.75792247]
 [0.42423651 1.3768976  0.76538658]
 [0.43950787 1.3606899  0.7259497 ]
 [0.44247526 1.357324   0.72491455]
 [0.42464119 1.3934946  0.7296409 ]
 [0.42929351 1.393342   0.73198438]
 [0.4274286  1.392859   0.73758769]
 [0.42754433 1.3893341  0.73723644]
 [0.42822129 1.3900191  0.74760926]
 [0.42401797 1.3920579  0.75256145]
 [0.42968088 1.3957161  0.76196986]
 [0.4233664  1.3982227  0.73243177]
 [0.42878166 1.3985341  0.75322187]
 [0.43301794 1.3993473  0.75221473]
 [0.42668548 1.3937707  0.71748322]
 [0.42563194 1.3979806  0.7228868 ]
 [0.428976   1.3969861  0.72542679]
 [0.42339283 1.397102   0.72533143]
 [0.42399338 1.4003727  0.72141087]
 [0.42972779 1.3970761  0.72132927]
 [0.43639418 1.3935883  0.71764302]
 [0.4325375  1.3993268  0.71733981]
 [0.43320817 1.3984009  0.71708602]
 [0.43381709 1.3961719  0.71977168]
 [0.42963836 1.404546   0.75664115]
 [0.42927659 1.4053398  0.76105928]
 [0.43651888 1.3990812  0.7790907 ]
 [0.43480933 1.4053108  0.77983284]
 [0.43972608 1.4007707  0.77976614]
 [0.429324  1.3721534 0.7831853]
 [0.42861181 1.3786008  0.78805166]
 [0.42524251 1.3846471  0.79152197]
 [0.42531353 1.3864419  0.78934872]
 [0.42653584 1.3980479  0.79407567]
 [0.43453473 1.3971961  0.71202427]
 [0.43656522 1.398013   0.71230316]
 [0.43897867 1.3910693  0.71150744]
 [0.4421587  1.3990886  0.71097076]
 [0.44806933 1.395197   0.71170104]
 [0.44815499 1.3972744  0.70921296]
 [0.44336534 1.4004278  0.71457791]
 [0.45218161 1.3891571  0.70850438]
 [0.45261821 1.3981484  0.71143454]
 [0.45347109 1.4011247  0.71367407]
 [0.45517284 1.4015129  0.71255517]
 [0.45200783 1.3959634  0.71249348]
 [0.45014119 1.396553   0.70818907]
 [0.45839506 1.3906662  0.71183908]
 [0.45814839 1.3980447  0.71152955]
 [0.46071178 1.401409   0.71265042]
 [0.46268079 1.3974389  0.71412623]
 [0.44686508 1.4047904  0.71068698]
 [0.46328348 1.404784   0.7137748 ]
 [0.46499953 1.4005036  0.71111941]
 [0.47444385 1.3942037  0.71268505]
 [0.45325744 1.4099128  0.7097612 ]
 [0.46886611 1.4055634  0.71280086]
 [0.46639028 1.404833   0.70847523]
 [0.47318321 1.3973486  0.70892936]
 [0.47017688 1.3989943  0.71031445]
 [0.47167891 1.3977196  0.71895987]
 [0.47463948 1.4050559  0.71404672]
 [0.4724538  1.4043971  0.72011876]
 [0.47224036 1.4030277  0.71650821]
 [0.47504008 1.4111706  0.71193033]
 [0.47108227 1.4129307  0.71511179]
 [0.46993464 1.3756788  0.71274906]
 [0.4741033  1.3730567  0.71334565]
 [0.47018889 1.3740797  0.70957392]
 [0.47833684 1.3721815  0.7118271 ]
 [0.48090783 1.3754733  0.71293789]
 [0.48117936 1.3747467  0.70870662]
 [0.47721016 1.3706162  0.70863515]
 [0.48029658 1.4073185  0.71128154]
 [0.4282932 1.3705487 0.7978   ]
 [0.43357316 1.3586507  0.79084003]
 [0.43466464 1.3573209  0.79598171]
 [0.43715492 1.362233   0.79711628]
 [0.42621624 1.3767735  0.79772657]
 [0.4267526  1.3771387  0.79520875]
 [0.42904866 1.3767148  0.79777503]
 [0.42925486 1.3915039  0.79640698]
 [0.43650982 1.3650228  0.80444366]
 [0.44229004 1.369449   0.80443114]
 [0.44940135 1.3743067  0.80592895]
 [0.4402144  1.376263   0.80547386]
 [0.44691074 1.3803501  0.80744421]
 [0.44938102 1.3800032  0.80242205]
 [0.4310981  1.3843905  0.80490959]
 [0.43471205 1.3887336  0.8051638 ]
 [0.44033864 1.3867879  0.80744958]
 [0.45451048 1.3799561  0.80457228]
 [0.4542399  1.3798296  0.80344862]
 [0.45575142 1.3759139  0.80463111]
 [0.44046977 1.3956596  0.80784571]
 [0.44682306 1.3952945  0.80675799]
 [0.44920161 1.3896034  0.8026129 ]
 [0.45275015 1.3844438  0.80699235]
 [0.43922853 1.4002726  0.80233228]
 [0.43846262 1.4019982  0.80580872]
 [0.44270474 1.3994682  0.8017481 ]
 [0.44698134 1.3993878  0.80181849]
 [0.46005359 1.3678645  0.80087507]
 [0.45877925 1.3680191  0.80607164]
 [0.46193376 1.3637403  0.80317706]
 [0.45734668 1.383244   0.80476326]
 [0.45982656 1.3824281  0.80157125]
 [0.46081448 1.3919764  0.80516678]
 [0.43337563 1.4057274  0.78224778]
 [0.43185019 1.4026338  0.78306144]
 [0.43026784 1.4049422  0.80628973]
 [0.43899038 1.4084312  0.80202609]
 [0.44457012 1.4046733  0.80652517]
 [0.46412602 1.3980954  0.80603367]
 [0.4697901  1.3989592  0.80219412]
 [0.46745372 1.4042431  0.80690211]
 [0.47200885 1.3968395  0.80618769]
 [0.47629932 1.3967505  0.80626094]
 [0.50954551 1.3915188  0.71187359]
 [0.51263767 1.3883791  0.71520972]
 [0.51394469 1.3949085  0.7103554 ]
 [0.51504815 1.3905315  0.71303099]
 [0.51167357 1.3951492  0.71387565]
 [0.5173735  1.3838092  0.74051607]
 [0.51713121 1.3833662  0.74632156]
 [0.52042866 1.3875868  0.75405896]
 [0.5172627  1.3859658  0.75735569]
 [0.51898074 1.3927593  0.74379534]
 [0.51887542 1.3900967  0.74701881]
 [0.52304298 1.390141   0.74876207]
 [0.51355308 1.3811872  0.76488066]
 [0.51362729 1.3829879  0.76272398]
 [0.51691419 1.3776722  0.76373833]
 [0.51947558 1.3881311  0.76186275]
 [0.52070063 1.3840425  0.76140624]
 [0.51851773 1.3924497  0.73889881]
 [0.5189063  1.398402   0.72303241]
 [0.51915193 1.4033058  0.73631948]
 [0.42138579 1.3755726  0.7537607 ]
 [0.42267078 1.3728576  0.75700128]
 [0.41938531 1.3764675  0.75942504]
 [0.42050022 1.3860008  0.74198461]
 [0.41752845 1.3837181  0.74403781]
 [0.42298079 1.3884758  0.74423212]
 [0.41868833 1.37947    0.73075897]
 [0.42275181 1.3813883  0.73104256]
 [0.42020592 1.3804703  0.7347728 ]
 [0.42148077 1.3846064  0.74030715]
 [0.41774639 1.3843852  0.74060071]
 [0.4190214 1.395472  0.7305283]
 [0.42179975 1.3938183  0.73777169]
 [0.41928828 1.3930749  0.73474264]
 [0.42325228 1.3903123  0.73937947]
 [0.42147478 1.3710032  0.76186734]
 [0.41860488 1.3692693  0.7639659 ]
 [0.42119214 1.3910201  0.72737348]
 [0.42270783 1.3954328  0.72335589]
 [0.41999772 1.3963095  0.7249378 ]
 [0.41943294 1.3992429  0.72859037]
 [0.41979501 1.4061641  0.72811306]
 [0.42317361 1.4034361  0.73139626]
 [0.42298025 1.4086664  0.73035765]
 [0.4223527  1.3829048  0.79364663]
 [0.42199904 1.3940129  0.79345942]
 [0.42143366 1.3954105  0.79727304]
 [0.42162496 1.3964553  0.79053807]
 [0.452328   1.3927069  0.70425284]
 [0.45587161 1.393052   0.70722109]
 [0.46158814 1.3938855  0.7036019 ]
 [0.46000606 1.3929744  0.70729214]
 [0.45897055 1.393119   0.70196545]
 [0.46934804 1.4013593  0.70745611]
 [0.44444209 1.4106927  0.70889586]
 [0.44912541 1.4113415  0.70808256]
 [0.47247902 1.3944974  0.70538056]
 [0.4732534  1.3664987  0.70856398]
 [0.47642061 1.3757088  0.70756835]
 [0.42757112 1.3818823  0.80247509]
 [0.43991104 1.3743778  0.81000292]
 [0.43660274 1.3797114  0.81046891]
 [0.44018367 1.3799435  0.8088522 ]
 [0.43804145 1.3803668  0.81291944]
 [0.44229028 1.3802873  0.81299257]
 [0.44174653 1.3806705  0.81343657]
 [0.44482237 1.3731331  0.80918533]
 [0.44791272 1.3776507  0.81284827]
 [0.44856617 1.3806961  0.81246305]
 [0.4440116  1.3786021  0.80957586]
 [0.45589411 1.3662797  0.80819303]
 [0.45229495 1.3802985  0.80964398]
 [0.45510793 1.3818521  0.81102788]
 [0.43620756 1.3868371  0.80879802]
 [0.44859421 1.3890256  0.80880314]
 [0.45494598 1.3875428  0.81055224]
 [0.45093054 1.3837355  0.80877095]
 [0.45640638 1.3845115  0.81417543]
 [0.44406796 1.3947639  0.81293988]
 [0.46298805 1.3803486  0.81095797]
 [0.45706671 1.3760029  0.81350148]
 [0.46274102 1.3758961  0.813595  ]
 [0.45736903 1.3846055  0.80993032]
 [0.45518288 1.390131   0.81293589]
 [0.46309379 1.3918029  0.81086969]
 [0.45838723 1.3585287  0.8068254 ]
 [0.466782   1.3579473  0.79389811]
 [0.46873003 1.3563977  0.78808343]
 [0.4532263 1.3611282 0.8090663]
 [0.46662974 1.3806566  0.81329906]
 [0.46331447 1.3942677  0.80933446]
 [0.46828958 1.4011834  0.8105886 ]
 [0.46934262 1.3975282  0.8109206 ]
 [0.43371034 1.4147335  0.80559665]
 [0.43126994 1.4098432  0.80593193]
 [0.43752506 1.4143564  0.80602807]
 [0.47336343 1.3949766  0.80840772]
 [0.47054219 1.4059038  0.81044167]
 [0.47831655 1.3922611  0.80610174]
 [0.48167735 1.3959491  0.79475558]
 [0.4788864  1.3971767  0.81126702]
 [0.47879517 1.4059644  0.79921162]
 [0.4817214  1.4077328  0.79705983]
 [0.52925807 1.3883541  0.74554569]
 [0.52766329 1.391899   0.73688632]
 [0.52344    1.3936876  0.73737359]
 [0.52431858 1.393725   0.74259704]
 [0.5251466  1.3899792  0.74712658]
 [0.52369404 1.3893679  0.74437517]
 [0.52703458 1.3907038  0.75153005]
 [0.525181   1.3904082  0.75375032]
 [0.52566075 1.3849909  0.76023221]
 [0.52884448 1.3933523  0.7555387 ]
 [0.52760088 1.3808956  0.76512063]
 [0.52392685 1.3775266  0.7638582 ]
 [0.52705497 1.3764824  0.76774657]
 [0.52483612 1.3997548  0.73529536]
 [0.52989411 1.3960382  0.75231457]
 [0.51259536 1.3750628  0.76689613]
 [0.5195722  1.3724862  0.76461929]
 [0.51887518 1.3738674  0.77360308]
 [0.41505131 1.3754874  0.75127506]
 [0.41499534 1.3731446  0.7581808 ]
 [0.41545451 1.3702061  0.75759506]
 [0.41299552 1.3820963  0.74337834]
 [0.4165338  1.3736277  0.76405388]
 [0.41563296 1.3857729  0.74951953]
 [0.41494808 1.3966072  0.73443359]
 [0.44872245 1.3772126  0.81756514]
 [0.44340044 1.3819242  0.81646872]
 [0.44334957 1.3823082  0.81693995]
 [0.44720337 1.3837503  0.81517595]
 [0.44941035 1.388419   0.81503719]
 [0.45060858 1.3739429  0.81726658]
 [0.45178354 1.3794231  0.82036811]
 [0.45076767 1.3810329  0.81609261]
 [0.45598328 1.382039   0.81851423]
 [0.45511255 1.3883119  0.81513119]
 [0.45617604 1.3825212  0.81660289]
 [0.45706773 1.3772962  0.81868386]
 [0.46202692 1.3771396  0.82066667]
 [0.46150646 1.3851309  0.820288  ]
 [0.4649758  1.3806309  0.82013017]
 [0.46867612 1.3854407  0.81986117]
 [0.46448016 1.3878214  0.81704342]
 [0.46835211 1.3849818  0.82090825]
 [0.46352515 1.3845124  0.81966263]
 [0.46390712 1.3931992  0.81614572]
 [0.46586332 1.3534073  0.80231696]
 [0.46547332 1.3518854  0.80948615]
 [0.47198951 1.3554966  0.79621655]
 [0.47060141 1.3872486  0.81081009]
 [0.47044337 1.3831621  0.81574154]
 [0.47007686 1.3921523  0.81735128]
 [0.4785603  1.3928272  0.81925482]
 [0.47827011 1.3938202  0.81529075]
 [0.48883545 1.3898989  0.79653907]
 [0.48399007 1.3912274  0.80729532]
 [0.48472905 1.3929057  0.8107987 ]
 [0.48833549 1.3945302  0.81436253]
 [0.48555654 1.3898305  0.81447434]
 [0.48813647 1.3987331  0.79684526]
 [0.48119599 1.4034075  0.7912488 ]
 [0.48886079 1.4075987  0.79717731]
 [0.48531908 1.3909168  0.81871188]
 [0.53551745 1.386283   0.75328404]
 [0.53277636 1.3889481  0.74833274]
 [0.53431046 1.392472   0.74405897]
 [0.53083092 1.3917787  0.74674064]
 [0.53108436 1.3928751  0.75418681]
 [0.53643787 1.3906249  0.75340307]
 [0.53584266 1.3923043  0.75673902]
 [0.53342092 1.4002326  0.75800079]
 [0.53132391 1.3851773  0.76530731]
 [0.53044856 1.3966724  0.76228684]
 [0.53140396 1.4019651  0.76133603]
 [0.53261948 1.3824426  0.76857156]
 [0.51160395 1.3680606  0.76998007]
 [0.51535034 1.3682823  0.76968563]
 [0.51848459 1.3655798  0.7623331 ]
 [0.45490152 1.3828541  0.8217169 ]
 [0.45935193 1.3854308  0.82134277]
 [0.4692215 1.379627  0.8212992]
 [0.4723438 1.3869386 0.8222059]
 [0.46841401 1.3484102  0.79775375]
 [0.47120118 1.3483579  0.79780167]
 [0.4710958  1.3456954  0.80102491]
 [0.48871726 1.3854835  0.81965435]
 [0.49134266 1.3863668  0.79533106]
 [0.49321425 1.387869   0.80443239]
 [0.49174267 1.3916559  0.79440129]
 [0.49386448 1.3995343  0.79584324]
 [0.49437791 1.3936006  0.81034857]
 [0.49203604 1.3839768  0.8201322 ]
 [0.49120158 1.3878782  0.81676775]
 [0.49543655 1.3928869  0.81488603]
 [0.49233019 1.3870955  0.82323259]
 [0.5409053  1.3807732  0.75983936]
 [0.54027516 1.3836342  0.75111127]
 [0.53747469 1.3836921  0.75106341]
 [0.53709757 1.3924197  0.74410695]
 [0.53995216 1.3895113  0.76005125]
 [0.53937066 1.3916153  0.73979431]
 [0.53743553 1.3967845  0.75136274]
 [0.54062194 1.3875489  0.76775432]
 [0.53688854 1.3882294  0.76696891]
 [0.53695685 1.3993554  0.76441723]
 [0.53780288 1.4017115  0.76700133]
 [0.53850681 1.3816471  0.7614736 ]
 [0.53772885 1.385801   0.76986969]
 [0.49217969 1.381898   0.81840158]
 [0.49458712 1.3759195  0.79166073]
 [0.49870974 1.3814052  0.8012715 ]
 [0.502877  1.3792168 0.803886 ]
 [0.50211978 1.3852824  0.80749816]
 [0.50272149 1.3949604  0.80268037]
 [0.50045389 1.385779   0.81239831]
 [0.49800205 1.3906918  0.81199378]
 [0.50223106 1.4007992  0.80121183]
 [0.50234443 1.4035492  0.7979185 ]
 [0.50073004 1.3874543  0.81588244]
 [0.49670345 1.3888426  0.82110691]
 [0.49856585 1.3945262  0.81843293]
 [0.49884033 1.3962238  0.82194394]
 [0.49344683 1.3698053  0.793661  ]
 [0.49028945 1.3742005  0.79376167]
 [0.49730164 1.3731683  0.794963  ]
 [0.50863385 1.3821355  0.81125432]
 [0.50437111 1.3822157  0.81118399]
 [0.50529414 1.3880371  0.81094915]
 [0.50967455 1.3845354  0.80835235]
 [0.50343627 1.3946223  0.79757917]
 [0.50385439 1.3916291  0.80665994]
 [0.50980818 1.3994186  0.80280578]
 [0.50746459 1.3829207  0.81580299]
 [0.50428677 1.3944186  0.8185271 ]
 [0.50976634 1.3927068  0.81637895]
 [0.48584664 1.3662248  0.79266208]
 [0.48669082 1.3638165  0.79556203]
 [0.48989433 1.3689737  0.79468644]
 [0.51183963 1.3855648  0.81258577]
 [0.51226944 1.4012605  0.81167269]
 [0.51133138 1.3958906  0.81255484]
 [0.51249689 1.4067788  0.80506426]
 [0.51321059 1.4066485  0.8107878 ]
 [0.51823628 1.4066596  0.80516231]
pts_ids list 904
 [44221, 43449, 43194, 158128, 44032, 158782, 44037, 44687, 43551, 44334, 44043, 44220, 44445, 43442, 43779, 44214, 43787, 44038, 44335, 44044, 44222, 157576, 101349, 158111, 157563, 157588, 158127, 157275, 43461, 158808, 43794, 43550, 101020, 101006, 158112, 101260, 101595, 43203, 101030, 43462, 43768, 158768, 102684, 159096, 44213, 101963, 43769, 44206, 44023, 103197, 103198, 102685, 102412, 102264, 102686, 44024, 44042, 44337, 44339, 44444, 44336, 44448, 44340, 44898, 44690, 44688, 100503, 101269, 43795, 44207, 43173, 43543, 43174, 43770, 101586, 43544, 44215, 101982, 101972, 102274, 44208, 101031, 101043, 43800, 43796, 44691, 156016, 156677, 156681, 156323, 100486, 101259, 158110, 157273, 101005, 157025, 157208, 158767, 101962, 44031, 43149, 158176, 158177, 157607, 100137, 42858, 101042, 100509, 99848, 42587, 44219, 43467, 44256, 42592, 158742, 158755, 159956, 159499, 44022, 101952, 44212, 102964, 159942, 103338, 103259, 159943, 103454, 103192, 44197, 44439, 44892, 103455, 44891, 103456, 44198, 102408, 44440, 43750, 102673, 102951, 102677, 44199, 44683, 44223, 44693, 44694, 43212, 44200, 102956, 103193, 103339, 42347, 101253, 100989, 43129, 42838, 43771, 43425, 43780, 43781, 43760, 102678, 43204, 101983, 102291, 43797, 43751, 44009, 44016, 157278, 42593, 44449, 44899, 44692, 45405, 155825, 155670, 155837, 155829, 156122, 99691, 157009, 101019, 156009, 100485, 100122, 101258, 157199, 42382, 101579, 43193, 43549, 43778, 43540, 43424, 101961, 101960, 159095, 43460, 43759, 158741, 44015, 159091, 44021, 159087, 102683, 102411, 102963, 44030, 101058, 41221, 40879, 41895, 100140, 99853, 41912, 41532, 41896, 99854, 41913, 100520, 101060, 101061, 100519, 41914, 41533, 41915, 42399, 44196, 159941, 158730, 158743, 44329, 102955, 103191, 102950, 103187, 44679, 44435, 44680, 103698, 45914, 45389, 44893, 44897, 45407, 42400, 42414, 157629, 42327, 42328, 42368, 42575, 43175, 101007, 101953, 101964, 102275, 43205, 42849, 43450, 43195, 102284, 44209, 44025, 43128, 43116, 42812, 43406, 43407, 43535, 44255, 157608, 157216, 42415, 44900, 44931, 45406, 45408, 45409, 156015, 156322, 156676, 156319, 155489, 155673, 156022, 42581, 42367, 101004, 157015, 100498, 42848, 42346, 43172, 42837, 157562, 101257, 157207, 42857, 42586, 101578, 157575, 158766, 100988, 43148, 43423, 159193, 159094, 41530, 41910, 42398, 42413, 41911, 44333, 101951, 159498, 159497, 159086, 102462, 44205, 102407, 102949, 102672, 44434, 160337, 43217, 101059, 43218, 40609, 41531, 40606, 41920, 99725, 41921, 100149, 42866, 100526, 101072, 41130, 41224, 41106, 41225, 43222, 42868, 100529, 41226, 41270, 41922, 41535, 42426, 102665, 44678, 44254, 44433, 103336, 44671, 44236, 103227, 103257, 44878, 44672, 103258, 44879, 45370, 45369, 45892, 44885, 103695, 45377, 103337, 45903, 45902, 47134, 47823, 41923, 41536, 41924, 41932, 41933, 42576, 43176, 42369, 41884, 43206, 42627, 42800, 42596, 43468, 42427, 100532, 42366, 101018, 100121, 43171, 101003, 155329, 155333, 41909, 156689, 157024, 42856, 43192, 158126, 100987, 101950, 159970, 157606, 158150, 43202, 158807, 43459, 43548, 159992, 101562, 102273, 159955, 99777, 100148, 42397, 99732, 42595, 42424, 43216, 42635, 42865, 42425, 44218, 160388, 160374, 44442, 44686, 44896, 44443, 44890, 102255, 159488, 102671, 102943, 160330, 160735, 45031, 44677, 42867, 99468, 99205, 99469, 41929, 41540, 99860, 41930, 40885, 41108, 41112, 41113, 41109, 157232, 157060, 157652, 100155, 156717, 155505, 155506, 40886, 41542, 40887, 41115, 101079, 100157, 100531, 159922, 160497, 103335, 44188, 160322, 44189, 45368, 45376, 160314, 160729, 44876, 44658, 160723, 103690, 161438, 46371, 104417, 103938, 102661, 44429, 103332, 44659, 103331, 161203, 103681, 45361, 45028, 160997, 160730, 103256, 161259, 161688, 46378, 47119, 46379, 45877, 104103, 46372, 104411, 47120, 47128, 99470, 99482, 100158, 42370, 41885, 42850, 43196, 43443, 41897, 42383, 157217, 158809, 100527, 42428, 43555, 101080, 101612, 99471, 41543, 99733, 41934, 101073, 100497, 41894, 157587, 42855, 43201, 42569, 101002, 43441, 43422, 155080, 154849, 42396, 42591, 157277, 42585, 158149, 43786, 160373, 157628, 160019, 160020, 99466, 100147, 42412, 42411, 42423, 99858, 99467, 41928, 99737, 99731, 160781, 161035, 45036, 45925, 45388, 102403, 160734, 161206, 161208, 46377, 41227, 99480, 40889, 99481, 41111, 41117, 99738, 40611, 156052, 99739, 156357, 41228, 155855, 40890, 156053, 156358, 41541, 41939, 156716, 156137, 41114, 42441, 156728, 156370, 41118, 156054, 41931, 100167, 100530, 100156, 100538, 101089, 155336, 155195, 155088, 155089, 155337, 155098, 154866, 100168, 160722, 158705, 159186, 159908, 44664, 160996, 44665, 45891, 160708, 160989, 44871, 44928, 161433, 161328, 45876, 46354, 46355, 45352, 103682, 161258, 47789, 105349, 104410, 104100, 47802, 48750, 105359, 105360, 160724, 160990, 160492, 103934, 45362, 104910, 161692, 45913, 106798, 106799, 106800, 105584, 105361, 106801, 47803, 47804, 99023, 99020, 99212, 99024, 41229, 42384, 42851, 43552, 43577, 158178, 158151, 43463, 43772, 43782, 43427, 44033, 43783, 157609, 42429, 158869, 42574, 42568, 101001, 157023, 42580, 157586, 41100, 41220, 41523, 42381, 42380, 157051, 157605, 157094, 157215, 42831, 42822, 41908, 99857, 100146, 157225, 158224, 158206, 158887, 161205, 45890, 46370, 45901, 40615, 155679, 155621, 155680, 155605, 156063, 42439, 42440, 155681, 154594, 155097, 45360, 45023, 45865, 103921, 161652, 161653, 104385, 44926, 45842, 161654, 161432, 160980, 45866, 161655, 46407, 104891, 104892, 161668, 46637, 106082, 104096, 103922, 103923, 46344, 105336, 105337, 160307, 159074, 158064, 160709, 104386, 47790, 106782, 48737, 108594, 107724, 108595, 47791, 107702, 47108, 104418, 48738, 106112, 106124, 43208, 157218, 157610, 158179, 158152, 43207, 158810, 43788, 43784, 44039, 43773, 43428, 43541, 158207, 44045, 43426, 43150, 43761, 42345, 100484, 42326, 42365, 43147, 43191, 157627, 104371, 161894, 104874, 104875, 105318, 45843, 104862, 46558, 47083, 105319, 104876, 46331, 46559, 47751, 47084, 47752, 47771, 105573, 105320, 48713, 159464, 159893, 159075, 104893, 104877, 48714, 49142, 48715, 103939, 47109, 47792, 48739, 47772, 104917, 104928, 106125, 48716, 43451, 158153, 158180, 43464, 159531, 43789, 44040, 44341, 44034, 44338, 44446, 44026, 43130, 43131, 42305, 105307, 105572, 47085, 106068, 158054, 158055, 158043, 47753, 103691, 104412, 103944, 104918, 105580, 105321, 47773, 106083, 48690, 43444, 43198, 43197, 158181, 44041, 157611, 44046, 44217, 44216, 44447, 44689, 43545, 44210, 47086, 103184, 103683, 103684, 104399, 47121, 104894, 105338, 47805, 47814, 105322, 48717, 106759, 107665, 102941, 103178, 103179, 104388, 104387, 47101, 104400, 46373, 47110, 47806, 104878, 106760, 48718, 102662, 102654, 102940, 104895, 49618, 48740, 49628, 50256, 49629]
End_PTSFORFIT
End_CYLINDER
