Begin_CYLINDER
axis_vec ndarray 3 0
 [0 1 0]
err 1000000.0
fit_radius_2d_err 1000000.0
height 1
height_distributon_err 1000000.0
optimize_ang_err 1000000.0
percentage_in_err 1000000.0
percentage_out_err 1000000.0
radius 0.1
radius_err 1000000.0
x_vec ndarray 3 0
 [1 0 0]
y_vec ndarray 3 0
 [0 0 1]
Begin_PTSFORFIT
id 220033
pca_err 1000000.0
pca_vals list 3
 [1, 1, 1]
pca_vecs ndarray 3 3
 [1. 0. 0.]
 [0. 1. 0.]
 [0. 0. 1.]
pt_center ndarray 3 0
 [0 0 0]
pts ndarray 536 3
 [0.30514118 0.74032485 1.9184142 ]
 [0.3097479  0.74025905 1.9197633 ]
 [0.29907048 0.72938251 1.9105108 ]
 [0.304115   0.73115516 1.9116638 ]
 [0.30960852 0.73274088 1.9106028 ]
 [0.30585769 0.73955739 1.9113679 ]
 [0.30768412 0.7394219  1.9128394 ]
 [0.30666348 0.73632604 1.9105582 ]
 [0.3054125  0.74101281 1.9085857 ]
 [0.30768532 0.735807   1.9100657 ]
 [0.30420896 0.74426287 1.9169567 ]
 [0.30510107 0.74389493 1.9225782 ]
 [0.30682623 0.74243307 1.9254014 ]
 [0.31275773 0.73308486 1.9128783 ]
 [0.31529877 0.73362333 1.9142843 ]
 [0.31105798 0.73424685 1.9082359 ]
 [0.31473237 0.73702174 1.9113679 ]
 [0.31229466 0.74025905 1.9197633 ]
 [0.31550813 0.74647468 1.9133791 ]
 [0.31427425 0.74734271 1.9085857 ]
 [0.29513174 0.72483671 1.9063449 ]
 [0.29158685 0.7280885  1.9049165 ]
 [0.29569444 0.72517288 1.9104944 ]
 [0.29600292 0.73186451 1.9049453 ]
 [0.29540268 0.74106967 1.9122745 ]
 [0.29223835 0.737463   1.9159648 ]
 [0.30136922 0.7233513  1.9072907 ]
 [0.29709029 0.72701365 1.9022262 ]
 [0.30282    0.72306961 1.9133493 ]
 [0.30260393 0.72506571 1.9184378 ]
 [0.29983306 0.72794539 1.9160812 ]
 [0.30261108 0.72527021 1.9156388 ]
 [0.29869282 0.73167586 1.9077312 ]
 [0.30007371 0.73519045 1.907041  ]
 [0.3060075 0.7270593 1.9026992]
 [0.30642268 0.72694474 1.9100804 ]
 [0.30516213 0.73113221 1.9045243 ]
 [0.30768648 0.73220259 1.9072999 ]
 [0.30768335 0.73996925 1.9045156 ]
 [0.30876097 0.73803961 1.9058115 ]
 [0.30717766 0.74210507 1.9022646 ]
 [0.30374801 0.73671895 1.907761  ]
 [0.31273153 0.72250605 1.9018224 ]
 [0.31022546 0.72420919 1.912887  ]
 [0.31085217 0.72794521 1.9094056 ]
 [0.31023595 0.72741044 1.9212751 ]
 [0.31238657 0.73058438 1.9051155 ]
 [0.31146809 0.73564702 1.9031646 ]
 [0.3113198  0.73544759 1.9078425 ]
 [0.31092653 0.73898917 1.9050657 ]
 [0.31525657 0.74123448 1.9045486 ]
 [0.3122057  0.73706454 1.9023362 ]
 [0.3152526  0.73690891 1.9031796 ]
 [0.31533313 0.74120939 1.9064797 ]
 [0.31540993 0.73865765 1.9014367 ]
 [0.30043155 0.7457242  1.9049318 ]
 [0.30376056 0.74681723 1.9077189 ]
 [0.31385523 0.74428052 1.9078311 ]
 [0.31029096 0.74373811 1.9064184 ]
 [0.30499455 0.7496013  1.910486  ]
 [0.30951709 0.74945128 1.9112257 ]
 [0.31511229 0.75380296 1.9105703 ]
 [0.3146852  0.74916834 1.9105852 ]
 [0.30177    0.74571818 1.9339209 ]
 [0.30411145 0.74388635 1.9324968 ]
 [0.30344045 0.7460829  1.9282329 ]
 [0.30433556 0.75084931 1.9339209 ]
 [0.31778684 0.72608793 1.904596  ]
 [0.31793994 0.73192567 1.9073492 ]
 [0.31723374 0.73202395 1.902408  ]
 [0.32266638 0.73487926 1.9058115 ]
 [0.32038331 0.73289508 1.9157052 ]
 [0.32182363 0.73909301 1.9058117 ]
 [0.31779701 0.73852712 1.907333  ]
 [0.31970948 0.74214149 1.9101079 ]
 [0.3220261  0.73714048 1.9092058 ]
 [0.31807217 0.73594898 1.9085857 ]
 [0.32013813 0.74752057 1.9058115 ]
 [0.3167671  0.74414951 1.9058117 ]
 [0.31714889 0.74769795 1.9030455 ]
 [0.32035956 0.74618846 1.9128836 ]
 [0.32201025 0.74807739 1.9169567 ]
 [0.32107145 0.75223553 1.9113679 ]
 [0.31848207 0.75295615 1.9106076 ]
 [0.31804624 0.75153542 1.9133835 ]
 [0.32291588 0.75067127 1.9156758 ]
 [0.2888101  0.72270316 1.8989584 ]
 [0.28763938 0.73131663 1.913162  ]
 [0.28848749 0.73469156 1.9131564 ]
 [0.29251754 0.72092676 1.8994633 ]
 [0.29298711 0.72238141 1.8967276 ]
 [0.29409826 0.7205227  1.9049735 ]
 [0.29508621 0.71997833 1.9017447 ]
 [0.29592314 0.71612513 1.9026771 ]
 [0.29292363 0.71938515 1.9118779 ]
 [0.29521593 0.71611607 1.9133018 ]
 [0.29503575 0.72469407 1.8994728 ]
 [0.2976357  0.72039872 1.8962634 ]
 [0.29757738 0.72208565 1.9072757 ]
 [0.29757977 0.715765   1.9072905 ]
 [0.30028585 0.72117376 1.9133317 ]
 [0.30203336 0.72354251 1.896277  ]
 [0.30265263 0.72900176 1.8990093 ]
 [0.2917408  0.71824044 1.9188309 ]
 [0.30132526 0.71976668 1.9212507 ]
 [0.29743111 0.72210222 1.9160814 ]
 [0.30030611 0.73671579 1.8981085 ]
 [0.29571956 0.74539876 1.91041   ]
 [0.30514443 0.72231495 1.9212629 ]
 [0.30301449 0.72508025 1.9240613 ]
 [0.30967441 0.72394925 1.9240955 ]
 [0.30768934 0.72828209 1.9268993 ]
 [0.30636528 0.73976231 1.8995239 ]
 [0.30624154 0.73611099 1.897715  ]
 [0.30912647 0.73905146 1.9002875 ]
 [0.31274673 0.72209156 1.9073476 ]
 [0.31527495 0.72209251 1.9073595 ]
 [0.31529856 0.71913987 1.9129229 ]
 [0.31290784 0.73653054 1.9002875 ]
 [0.31515789 0.73598129 1.8996282 ]
 [0.31103301 0.73680425 1.895377  ]
 [0.3186473  0.71851212 1.9073838 ]
 [0.31693813 0.72201794 1.9027629 ]
 [0.31809843 0.73239124 1.8969384 ]
 [0.30735442 0.74425036 1.9367775 ]
 [0.32819012 0.74035704 1.9073782 ]
 [0.32445228 0.73744434 1.9113679 ]
 [0.32994616 0.74082518 1.9113679 ]
 [0.324402   0.74101281 1.9085857 ]
 [0.32635295 0.74740201 1.907661  ]
 [0.3282724  0.74715519 1.9016665 ]
 [0.32681468 0.74327368 1.9078921 ]
 [0.32543141 0.74449998 1.9129117 ]
 [0.32671109 0.74758476 1.9143058 ]
 [0.32360709 0.74843204 1.9113679 ]
 [0.32734427 0.75202423 1.9142983 ]
 [0.32547995 0.75431949 1.9184779 ]
 [0.28510144 0.7168377  1.8934782 ]
 [0.29141331 0.72027552 1.8912755 ]
 [0.2910955  0.71596593 1.8931028 ]
 [0.28764999 0.71277171 1.8912691 ]
 [0.28767154 0.70975709 1.888062  ]
 [0.28850371 0.71518004 1.8880533 ]
 [0.28873712 0.712762   1.8994594 ]
 [0.28395292 0.71412927 1.8980384 ]
 [0.28821367 0.70971215 1.8962437 ]
 [0.29267612 0.7122618  1.8880799 ]
 [0.29046789 0.71485448 1.8967338 ]
 [0.29591852 0.71226817 1.9036052 ]
 [0.29157117 0.71548396 1.9049691 ]
 [0.29505393 0.70944339 1.9072932 ]
 [0.29975909 0.71169275 1.9050673 ]
 [0.28385383 0.71094179 1.9115444 ]
 [0.28862241 0.71492815 1.9123156 ]
 [0.28492293 0.71375334 1.9086223 ]
 [0.29567873 0.71253169 1.9105471 ]
 [0.2891953  0.71316487 1.9188265 ]
 [0.28411376 0.71063167 1.9187859 ]
 [0.29220372 0.70957142 1.9160812 ]
 [0.30133769 0.71107858 1.9184644 ]
 [0.30007562 0.71511185 1.9156506 ]
 [0.2968879  0.70980531 1.9184463 ]
 [0.30580136 0.70967352 1.9045775 ]
 [0.30409947 0.71492434 1.9140425 ]
 [0.28500035 0.71069199 1.9234642 ]
 [0.28775406 0.71252209 1.9272351 ]
 [0.289408  0.7162708 1.9225496]
 [0.30004439 0.71062624 1.924081  ]
 [0.30514434 0.71317875 1.9240992 ]
 [0.30099282 0.73886102 1.8940127 ]
 [0.30349675 0.73697829 1.8940458 ]
 [0.33285296 0.74663436 1.8991113 ]
 [0.33085579 0.74697006 1.8947953 ]
 [0.33166382 0.74755234 1.9046116 ]
 [0.33530766 0.74499232 1.9058115 ]
 [0.33169988 0.74485314 1.9073842 ]
 [0.33049148 0.74426854 1.9071987 ]
 [0.3304348  0.74738091 1.9073722 ]
 [0.33306679 0.74329931 1.9122981 ]
 [0.33326378 0.7460767  1.9085857 ]
 [0.33653069 0.7439025  1.9127631 ]
 [0.33053574 0.74559563 1.9157237 ]
 [0.33164418 0.75079137 1.9032249 ]
 [0.33418983 0.74959135 1.9030455 ]
 [0.33548936 0.75243938 1.9073844 ]
 [0.33299676 0.75607222 1.9101382 ]
 [0.28033856 0.70967382 1.8830993 ]
 [0.27917182 0.71361297 1.8966253 ]
 [0.28407949 0.7121613  1.8831266 ]
 [0.28929794 0.71163845 1.8818374 ]
 [0.29186332 0.71518844 1.8853585 ]
 [0.29271585 0.72018719 1.882648  ]
 [0.28755671 0.70885772 1.8989848 ]
 [0.29142067 0.70876348 1.8887618 ]
 [0.29259121 0.70885968 1.8990088 ]
 [0.27998343 0.71476215 1.9062346 ]
 [0.28197175 0.71444553 1.9021266 ]
 [0.2874988  0.70840418 1.9044937 ]
 [0.28578436 0.70775431 1.9072534 ]
 [0.28645468 0.70256597 1.9078233 ]
 [0.29129854 0.70788896 1.9031339 ]
 [0.29660338 0.70791519 1.9050515 ]
 [0.30049494 0.70480239 1.8968767 ]
 [0.30300793 0.70730937 1.8968915 ]
 [0.29752269 0.70332539 1.8995873 ]
 [0.29314116 0.70495003 1.9105533 ]
 [0.2908254  0.70675999 1.9091289 ]
 [0.27962452 0.7054857  1.9118022 ]
 [0.2820586  0.70704794 1.9159896 ]
 [0.27968284 0.70702451 1.921178  ]
 [0.28230339 0.70748711 1.9155841 ]
 [0.27830625 0.71257603 1.9121059 ]
 [0.2822639  0.71424991 1.9183667 ]
 [0.28989699 0.70344496 1.9184281 ]
 [0.29372975 0.70876122 1.9156353 ]
 [0.28009185 0.70360464 1.9271953 ]
 [0.27803668 0.70256227 1.9243639 ]
 [0.28256118 0.70511758 1.9215919 ]
 [0.27964017 0.71189368 1.9239813 ]
 [0.28870839 0.70659363 1.9216475 ]
 [0.29239389 0.70807284 1.9240507 ]
 [0.2923722 0.7065652 1.9268774]
 [0.29237369 0.70273376 1.9268864 ]
 [0.2770026  0.70504707 1.9296396 ]
 [0.29489034 0.7035374  1.9325677 ]
 [0.29594103 0.70749497 1.9280248 ]
 [0.30130088 0.71145147 1.9297397 ]
 [0.33438987 0.7404176  1.8889129 ]
 [0.33189547 0.74416935 1.8888721 ]
 [0.33564407 0.74416488 1.8889099 ]
 [0.33710751 0.74220294 1.9028113 ]
 [0.34050119 0.74376881 1.9046624 ]
 [0.34171283 0.74646604 1.9019037 ]
 [0.34181327 0.74359292 1.9074351 ]
 [0.33667105 0.74646413 1.9018799 ]
 [0.33937758 0.75543749 1.9002875 ]
 [0.34036416 0.75257707 1.9058115 ]
 [0.33987018 0.75400937 1.9030455 ]
 [0.34054583 0.75244135 1.9074084 ]
 [0.34239477 0.75148481 1.9030455 ]
 [0.33720386 0.74941677 1.9058115 ]
 [0.33882084 0.74716425 1.9113679 ]
 [0.34083563 0.75404    1.9136024 ]
 [0.33336943 0.76079506 1.8947953 ]
 [0.34042478 0.75630218 1.8975376 ]
 [0.33762783 0.76189607 1.8975375 ]
 [0.34299502 0.75710166 1.9032639 ]
 [0.33996218 0.76107955 1.9080236 ]
 [0.33987018 0.76663232 1.9030455 ]
 [0.33952585 0.76332366 1.9052516 ]
 [0.28364038 0.71093202 1.8750875 ]
 [0.27518129 0.71172225 1.9048198 ]
 [0.2718969  0.70942307 1.9020462 ]
 [0.2952494  0.71313745 1.8772937 ]
 [0.29170525 0.71154267 1.8751661 ]
 [0.29524657 0.72060281 1.8772763 ]
 [0.30022442 0.71811628 1.8773057 ]
 [0.30021253 0.72164369 1.879985  ]
 [0.28245351 0.69830388 1.9044935 ]
 [0.28241566 0.70185375 1.907251  ]
 [0.29500297 0.69830114 1.8995829 ]
 [0.29154927 0.69783759 1.9050426 ]
 [0.30094302 0.69875902 1.8941799 ]
 [0.29923531 0.7010389  1.8968798 ]
 [0.27494735 0.70474672 1.9131454 ]
 [0.27495834 0.71360844 1.9131085 ]
 [0.27022797 0.71038336 1.9112247 ]
 [0.27896264 0.6988408  1.912798  ]
 [0.27772182 0.70169288 1.911799  ]
 [0.28239954 0.6960417  1.9086517 ]
 [0.28492865 0.69857281 1.9086578 ]
 [0.28487998 0.69630748 1.912832  ]
 [0.304737   0.70107162 1.89149   ]
 [0.3036724  0.69699264 1.8928555 ]
 [0.28663719 0.69793206 1.9188644 ]
 [0.2864989  0.69700402 1.9193624 ]
 [0.28738484 0.69987106 1.915626  ]
 [0.29115823 0.69632906 1.919854  ]
 [0.27420765 0.71138608 1.9172877 ]
 [0.27027297 0.70911604 1.9179554 ]
 [0.27459013 0.70051259 1.9222326 ]
 [0.27395198 0.69628    1.9234133 ]
 [0.27026123 0.69771522 1.921499  ]
 [0.27344781 0.7040689  1.9215045 ]
 [0.27753833 0.7010572  1.9271803 ]
 [0.28413868 0.70135874 1.9234946 ]
 [0.28984585 0.70169556 1.9240535 ]
 [0.29494825 0.6978718  1.9240866 ]
 [0.27188954 0.69737101 1.9296333 ]
 [0.2744461  0.70120907 1.9296364 ]
 [0.27959099 0.69826764 1.9300359 ]
 [0.2770361  0.69763213 1.9300128 ]
 [0.27301249 0.7069056  1.938161  ]
 [0.27172932 0.70305109 1.9381639 ]
 [0.27617472 0.71503544 1.9410222 ]
 [0.27691072 0.70970595 1.9353163 ]
 [0.29743868 0.69945174 1.9354376 ]
 [0.2974214  0.70563042 1.9382796 ]
 [0.29742238 0.70306104 1.9382857 ]
 [0.29743579 0.70714843 1.9354196 ]
 [0.29997864 0.70796859 1.9411515 ]
 [0.29998058 0.70282233 1.9411635 ]
 [0.30127293 0.71205521 1.9382828 ]
 [0.30512145 0.71697646 1.9411548 ]
 [0.33956468 0.74449092 1.8835498 ]
 [0.34228468 0.74307472 1.8862783 ]
 [0.34554839 0.74881995 1.9046744 ]
 [0.34560418 0.74738675 1.9074441 ]
 [0.34698254 0.74831182 1.9130049 ]
 [0.34392101 0.74930972 1.8975375 ]
 [0.34342399 0.75199735 1.8947953 ]
 [0.34428471 0.75260633 1.9046596 ]
 [0.34939396 0.75413018 1.9074465 ]
 [0.34824893 0.75211579 1.913002  ]
 [0.342816   0.75702018 1.8936578 ]
 [0.34744582 0.75372857 1.8938838 ]
 [0.34794849 0.74965721 1.8920611 ]
 [0.34527194 0.75592369 1.8909457 ]
 [0.34543547 0.75670832 1.8991474 ]
 [0.34593764 0.75702459 1.8947953 ]
 [0.34786531 0.75631559 1.8950504 ]
 [0.34680784 0.75639415 1.9046627 ]
 [0.34435171 0.76041377 1.9126862 ]
 [0.34836903 0.74924231 1.9185982 ]
 [0.34409919 0.76485324 1.8997986 ]
 [0.34694037 0.76804215 1.9002875 ]
 [0.3437458  0.76252913 1.9012069 ]
 [0.34626225 0.76324666 1.9066988 ]
 [0.34407783 0.76747388 1.9030455 ]
 [0.3441219  0.76303786 1.902549  ]
 [0.34845445 0.77112228 1.9016665 ]
 [0.34631503 0.77188456 1.9108086 ]
 [0.29015303 0.70949161 1.8698373 ]
 [0.29652411 0.71605283 1.8719411 ]
 [0.26735663 0.70855367 1.913053  ]
 [0.30024704 0.71357286 1.8719645 ]
 [0.29716009 0.71378756 1.8692849 ]
 [0.27862662 0.69300342 1.9072537 ]
 [0.28064162 0.69326365 1.9137493 ]
 [0.29248321 0.69327694 1.8995786 ]
 [0.29499674 0.6932739  1.8996038 ]
 [0.29154301 0.69279581 1.9050637 ]
 [0.29888707 0.69273609 1.8914659 ]
 [0.30014154 0.69523734 1.8914682 ]
 [0.26633623 0.70811373 1.9186175 ]
 [0.27139884 0.69541109 1.9187216 ]
 [0.27003792 0.69049859 1.9168682 ]
 [0.27204934 0.68919426 1.9211833 ]
 [0.27845725 0.69326842 1.9183977 ]
 [0.27751341 0.69027436 1.9156016 ]
 [0.2857205  0.69081831 1.916792  ]
 [0.28560433 0.69487983 1.9174715 ]
 [0.28990129 0.69200128 1.9184549 ]
 [0.29204389 0.69013888 1.9156709 ]
 [0.28219828 0.69149065 1.9240412 ]
 [0.2805675  0.68982553 1.9244426 ]
 [0.27752408 0.68958008 1.9272281 ]
 [0.28581062 0.69361746 1.9240533 ]
 [0.26606721 0.70553428 1.9270461 ]
 [0.26361102 0.70682418 1.9242008 ]
 [0.26972145 0.70646703 1.923328  ]
 [0.26394019 0.69510084 1.9223819 ]
 [0.26549655 0.69225258 1.9296149 ]
 [0.26933303 0.69353306 1.92963   ]
 [0.26606005 0.69979572 1.92707   ]
 [0.27199593 0.69276196 1.9239898 ]
 [0.27412936 0.69426006 1.9271743 ]
 [0.27369851 0.68958461 1.9271896 ]
 [0.27038094 0.68983775 1.92434   ]
 [0.2677584  0.70128095 1.9438879 ]
 [0.26511773 0.70361757 1.9467521 ]
 [0.27156666 0.71136236 1.9467646 ]
 [0.27414498 0.71781528 1.9467617 ]
 [0.27414352 0.72168642 1.9467527 ]
 [0.2769078  0.71740252 1.9352983 ]
 [0.27681535 0.72211176 1.9410087 ]
 [0.30254248 0.71289062 1.9440258 ]
 [0.30253604 0.71008396 1.9469143 ]
 [0.34309545 0.73886758 1.8758203 ]
 [0.34028274 0.74528825 1.8772955 ]
 [0.34307334 0.74589562 1.8808916 ]
 [0.34059271 0.75211972 1.8808405 ]
 [0.34296399 0.75425529 1.8785077 ]
 [0.34247333 0.75566477 1.8758203 ]
 [0.34769917 0.73752832 1.877164  ]
 [0.34444439 0.74749994 1.8866163 ]
 [0.345456   0.75176328 1.8785077 ]
 [0.35229376 0.75498241 1.8964417 ]
 [0.3504709  0.75419307 1.8991771 ]
 [0.35072106 0.75354719 1.9102283 ]
 [0.35084724 0.75322145 1.9158021 ]
 [0.35536781 0.7520051  1.8937291 ]
 [0.35536876 0.74949509 1.8937349 ]
 [0.35245991 0.75609618 1.8893348 ]
 [0.35636377 0.75773346 1.8934282 ]
 [0.35022175 0.75983697 1.8882414 ]
 [0.34995353 0.75609618 1.8893348 ]
 [0.35147285 0.75686157 1.8975375 ]
 [0.35550445 0.75671226 1.8991951 ]
 [0.35560676 0.76215392 1.903312  ]
 [0.35641339 0.76049531 1.9109578 ]
 [0.3476626 0.7562384 1.8855271]
 [0.3441394  0.75888705 1.8821918 ]
 [0.35144708 0.75892186 1.8839056 ]
 [0.35009918 0.76013905 1.8828266 ]
 [0.35249978 0.76419908 1.8964211 ]
 [0.35563996 0.76649594 1.904681  ]
 [0.3535088  0.76541847 1.9136823 ]
 [0.35298058 0.77433217 1.899142  ]
 [0.3554616  0.77436042 1.911815  ]
 [0.35520348 0.77090222 1.9136764 ]
 [0.351376   0.77567077 1.9108436 ]
 [0.35078305 0.77753192 1.8970786 ]
 [0.35247907 0.78037989 1.9046335 ]
 [0.35319725 0.7770673  1.9053317 ]
 [0.34766939 0.7714988  1.919171  ]
 [0.34923592 0.77444661 1.9170816 ]
 [0.34680194 0.77796721 1.9163446 ]
 [0.3527478  0.77149272 1.9192221 ]
 [0.28251603 0.68321639 1.9133116 ]
 [0.27469411 0.68463022 1.9156015 ]
 [0.27973261 0.68309677 1.9184275 ]
 [0.27885929 0.68728858 1.9200506 ]
 [0.28583506 0.68549067 1.9161178 ]
 [0.28738964 0.6871745  1.9156557 ]
 [0.28845191 0.68255305 1.918947  ]
 [0.29294348 0.68724149 1.8968742 ]
 [0.25936034 0.70173573 1.9241792 ]
 [0.26072377 0.69645518 1.9214083 ]
 [0.26021498 0.70640373 1.9241685 ]
 [0.25714171 0.7061826  1.9269536 ]
 [0.26328403 0.71043867 1.9213756 ]
 [0.26944742 0.68765998 1.9239897 ]
 [0.27751774 0.68447912 1.9272494 ]
 [0.28359416 0.6837126  1.9216918 ]
 [0.29246968 0.68336749 1.9156886 ]
 [0.26299718 0.70467317 1.9298421 ]
 [0.26138511 0.69980532 1.9409876 ]
 [0.26067406 0.70421928 1.9354922 ]
 [0.26323572 0.7042163  1.935518  ]
 [0.26131564 0.70256692 1.9438545 ]
 [0.26634559 0.70725507 1.94964   ]
 [0.26895854 0.70802021 1.9482054 ]
 [0.27280071 0.72405744 1.9496315 ]
 [0.33763421 0.75080293 1.8714709 ]
 [0.34645894 0.75102735 1.8704684 ]
 [0.34732026 0.75469124 1.869427  ]
 [0.33313233 0.75586128 1.8807498 ]
 [0.340992  0.7560001 1.8781484]
 [0.34745029 0.7581532  1.8758203 ]
 [0.35293213 0.73431903 1.8785077 ]
 [0.35168612 0.7368111  1.8785077 ]
 [0.35542417 0.7368111  1.8785077 ]
 [0.35044008 0.75425529 1.8785077 ]
 [0.3624855  0.74356425 1.8893348 ]
 [0.36217129 0.74993902 1.8975375 ]
 [0.35786438 0.75543755 1.9002875 ]
 [0.35971627 0.75985527 1.8990653 ]
 [0.35902467 0.75686157 1.8975375 ]
 [0.35806194 0.75763357 1.9058115 ]
 [0.35716829 0.76078153 1.9054399 ]
 [0.35992712 0.75708389 1.9074894 ]
 [0.36259145 0.76158315 1.9030455 ]
 [0.36232871 0.75724804 1.9016665 ]
 [0.3616415  0.75350332 1.9113679 ]
 [0.35910586 0.75730675 1.9113679 ]
 [0.36273527 0.76175177 1.9110162 ]
 [0.3583875  0.76226217 1.9130263 ]
 [0.35828453 0.76426077 1.9002875 ]
 [0.35831109 0.76874167 1.9102287 ]
 [0.35842296 0.76662719 1.9144117 ]
 [0.36107835 0.76450545 1.9186229 ]
 [0.35819274 0.76273996 1.916523  ]
 [0.34482777 0.7656579  1.8774786 ]
 [0.34659126 0.76282686 1.8781762 ]
 [0.34879091 0.76340401 1.8801177 ]
 [0.34807163 0.76330876 1.880869  ]
 [0.36137202 0.77265728 1.8991858 ]
 [0.36163306 0.77136582 1.908389  ]
 [0.35700881 0.77197427 1.9088279 ]
 [0.35857713 0.76921022 1.9137175 ]
 [0.36099824 0.76973099 1.9158117 ]
 [0.35865447 0.77983767 1.9074303 ]
 [0.35711396 0.77747536 1.9129848 ]
 [0.33963767 0.76375049 1.921921  ]
 [0.34520382 0.76601321 1.9275897 ]
 [0.34727272 0.76882732 1.9219767 ]
 [0.34981641 0.76946008 1.9219996 ]
 [0.35030615 0.76728225 1.9276357 ]
 [0.36115533 0.76817828 1.9214212 ]
 [0.28235015 0.68109286 1.9128556 ]
 [0.28153828 0.68143272 1.9188821 ]
 [0.28829446 0.68157399 1.9101005 ]
 [0.28860599 0.6815604  1.9212797 ]
 [0.29422957 0.67760855 1.9190258 ]
 [0.29247111 0.67955846 1.9156976 ]
 [0.29423428 0.68141752 1.9190099 ]
 [0.2899965  0.67676723 1.9189868 ]
 [0.29428983 0.67589152 1.9237032 ]
 [0.29062879 0.68218774 1.9325974 ]
 [0.29734251 0.68038571 1.9232476 ]
 [0.29791275 0.67807847 1.9274814 ]
 [0.33142602 0.74424624 1.8674579 ]
 [0.33884111 0.74670821 1.8675222 ]
 [0.34350309 0.74944413 1.8641149 ]
 [0.3655186  0.74463719 1.8920611 ]
 [0.36561853 0.74732381 1.8893348 ]
 [0.36829454 0.74643022 1.8934282 ]
 [0.36564672 0.76016182 1.9058115 ]
 [0.36817497 0.75763357 1.9058115 ]
 [0.36511603 0.75653398 1.9030455 ]
 [0.36666766 0.76087898 1.9075125 ]
 [0.36383697 0.76091653 1.9027562 ]
 [0.3682642  0.76271391 1.9047496 ]
 [0.36481005 0.76211447 1.9158475 ]
 [0.36832348 0.76827347 1.9197633 ]
 [0.36366075 0.76888585 1.9200282 ]
 [0.36447352 0.77281082 1.9047081 ]
 [0.36582094 0.77141297 1.9074838 ]
 [0.36725944 0.76923859 1.9130521 ]
 [0.36353704 0.77100158 1.9158207 ]
 [0.36631304 0.77195042 1.9225782 ]
 [0.34696433 0.76701486 1.9332582 ]
 [0.32978603 0.74655837 1.8700811 ]
 [0.33613923 0.73700243 1.8648937 ]
 [0.37161109 0.75056839 1.8975375 ]
 [0.37250879 0.75873637 1.9085857 ]
 [0.37159956 0.76460719 1.9169567 ]
 [0.29224646 0.68196338 1.9440491 ]
 [0.33428118 0.73083651 1.8649007 ]
 [0.28706035 0.68685114 1.9468952 ]
 [0.29222232 0.68556273 1.9469228 ]
 [0.29478446 0.68465084 1.9498277 ]
 [0.29733759 0.68735433 1.9556407 ]
 [0.29992887 0.68994766 1.9556469 ]
 [0.29733613 0.69124281 1.9556316 ]
pts_ids list 536
 [273541, 220033, 320713, 320742, 320714, 219902, 273358, 320717, 219864, 273293, 219998, 220071, 220095, 273357, 273395, 273207, 219903, 220034, 320819, 219866, 320605, 320582, 320711, 320583, 320767, 320877, 273166, 320536, 320815, 273540, 320876, 273471, 320644, 320611, 272968, 273292, 273054, 273169, 273055, 219786, 320543, 320648, 272944, 273356, 273234, 273620, 320584, 272970, 320649, 320587, 273056, 320540, 272971, 320606, 219728, 320588, 320650, 320651, 320607, 320721, 320743, 320724, 320722, 220194, 220168, 220124, 220195, 273053, 273170, 320537, 219783, 273472, 219787, 273171, 273294, 273236, 219863, 219790, 219789, 219749, 273361, 219999, 219911, 320725, 320820, 273473, 272883, 320816, 320817, 320476, 320426, 320578, 272943, 272967, 320766, 320812, 320477, 272800, 273165, 273163, 320814, 272801, 272884, 320959, 273617, 320872, 320445, 320720, 273619, 273686, 273687, 273732, 320485, 320429, 219710, 273167, 273168, 273355, 219711, 320486, 272759, 273164, 272969, 320427, 220222, 273172, 219904, 219905, 219865, 219830, 219729, 219828, 273362, 273396, 219908, 273397, 273545, 272731, 320351, 320366, 320349, 272621, 272625, 320474, 320442, 272793, 272626, 320424, 272982, 320573, 273161, 320574, 320741, 320764, 273233, 320709, 320958, 320957, 320870, 273536, 273469, 273535, 273051, 273394, 321029, 321143, 321011, 273681, 273683, 320392, 320393, 272887, 219673, 273059, 219791, 273176, 219831, 273175, 219925, 219867, 219926, 273474, 272973, 219750, 273179, 273297, 320283, 320423, 320284, 320265, 272596, 272575, 272878, 272646, 272879, 320604, 320528, 273050, 273160, 273206, 272966, 320568, 320419, 320420, 320472, 320706, 273232, 320762, 320869, 273615, 273467, 320763, 273537, 273534, 273468, 321141, 321080, 320997, 273682, 320998, 273680, 273725, 273723, 273761, 273804, 273738, 273762, 320327, 320330, 320331, 272972, 273057, 272947, 273173, 272946, 219715, 219794, 219753, 273180, 219751, 219792, 219909, 320821, 219676, 219692, 219697, 272974, 320654, 219755, 320590, 320141, 320572, 320521, 272513, 320142, 272517, 272514, 272552, 273047, 273158, 320469, 320567, 320384, 320416, 320810, 320811, 320740, 273352, 320761, 273230, 273231, 273353, 320347, 320360, 320953, 273554, 273465, 273566, 320904, 320910, 321010, 321025, 320994, 320996, 321135, 321026, 273678, 273679, 273759, 273760, 321179, 321178, 273906, 273903, 273976, 273864, 273860, 273907, 273904, 273865, 273974, 273972, 273910, 273977, 320290, 320309, 273060, 273177, 273363, 219689, 219674, 273061, 273181, 273364, 272740, 219664, 219659, 272691, 272888, 219675, 272760, 273062, 320768, 273543, 320488, 219723, 219731, 320608, 219756, 320547, 219733, 320729, 320010, 272441, 320809, 272442, 272404, 273153, 273391, 320466, 320467, 320565, 320345, 320346, 320955, 320952, 320900, 273612, 273531, 273463, 320901, 320903, 273532, 273464, 273675, 321073, 321128, 273676, 321140, 321079, 321028, 321009, 273757, 273758, 321133, 273674, 321134, 321127, 321072, 274020, 274058, 274060, 274062, 274064, 273866, 273978, 274023, 274061, 219602, 320183, 320245, 320250, 219632, 219605, 219615, 219647, 219628, 272807, 272889, 273298, 273476, 272741, 272737, 219654, 219665, 272632, 219653, 219693, 272890, 272975, 320727, 272604, 320271, 219642, 272580, 272810, 273063, 320822, 272894, 320744, 320823, 320730, 320430, 273066, 320593, 320961, 320905, 320882, 320962, 320802, 273457, 273527, 273565, 320864, 273458, 320945, 320415, 321076, 320993, 321078, 321139, 321001, 273668, 321119, 320990, 273459, 321182, 273971, 321257, 321258, 274019, 274119, 274079, 274122, 320067, 219570, 272420, 320249, 320214, 219606, 219622, 219624, 219625, 219633, 219650, 219690, 219716, 320449, 219694, 219795, 320591, 273182, 219757, 219730, 219913, 219912, 320728, 273365, 219721, 273299, 273398, 273546, 320881, 320185, 320216, 272563, 320253, 272895, 273208, 273238, 320824, 273480, 273187, 273367, 321002, 321144, 321003, 321004, 321145, 273625, 273346, 320944, 273284, 273610, 320935, 273450, 320946, 320934, 321021, 273799, 321024, 321120, 319968, 319969, 272331, 219660, 219651, 219663, 219800, 219796, 219754, 273184, 320548, 273064, 273477, 220037, 273569, 273065, 273185, 273366, 273481, 220075, 321210, 320024, 319898, 219691, 219868, 220001, 274015, 319892, 274054, 274055, 274116, 274239, 274241, 274240]
End_PTSFORFIT
End_CYLINDER
