Begin_CYLINDER
axis_vec ndarray 3 0
 [0 1 0]
err 1000000.0
fit_radius_2d_err 1000000.0
height 1
height_distributon_err 1000000.0
optimize_ang_err 1000000.0
percentage_in_err 1000000.0
percentage_out_err 1000000.0
radius 0.1
radius_err 1000000.0
x_vec ndarray 3 0
 [1 0 0]
y_vec ndarray 3 0
 [0 0 1]
Begin_PTSFORFIT
id 228185
pca_err 1000000.0
pca_vals list 3
 [1, 1, 1]
pca_vecs ndarray 3 3
 [1. 0. 0.]
 [0. 1. 0.]
 [0. 0. 1.]
pt_center ndarray 3 0
 [0 0 0]
pts ndarray 744 3
 [-0.22091928 -0.54922241  1.119657  ]
 [-0.21726647 -0.54721349  1.1188761 ]
 [-0.22275773 -0.5469113   1.1197675 ]
 [-0.22703165 -0.55709302  1.1178683 ]
 [-0.22356398 -0.55280519  1.1206824 ]
 [-0.22763951 -0.55325437  1.1261368 ]
 [-0.22850138 -0.55618399  1.1245471 ]
 [-0.22659247 -0.55555069  1.1221802 ]
 [-0.22378637 -0.55015379  1.1188189 ]
 [-0.2257742  -0.54848778  1.1245433 ]
 [-0.22743535 -0.54867578  1.1264602 ]
 [-0.22606398 -0.54132771  1.1235636 ]
 [-0.2258227  -0.54202121  1.1245269 ]
 [-0.22569513 -0.53772414  1.1224096 ]
 [-0.21844621 -0.55472016  1.1126013 ]
 [-0.21687947 -0.55455101  1.1093049 ]
 [-0.22075665 -0.55690646  1.1140181 ]
 [-0.22239113 -0.55749953  1.1112826 ]
 [-0.21835731 -0.5533917   1.1168648 ]
 [-0.22265366 -0.55638695  1.1164649 ]
 [-0.22021198 -0.55702507  1.1153077 ]
 [-0.21702969 -0.55749053  1.117658  ]
 [-0.21696238 -0.55735904  1.1169677 ]
 [-0.2224301  -0.55098027  1.1159794 ]
 [-0.22312236 -0.55660564  1.1214497 ]
 [-0.21944948 -0.55010426  1.1142069 ]
 [-0.2205127  -0.54648554  1.121546  ]
 [-0.22037683 -0.53895593  1.1178575 ]
 [-0.21936354 -0.54413426  1.118418  ]
 [-0.21842596 -0.54238379  1.1153167 ]
 [-0.22327535 -0.53927004  1.119271  ]
 [-0.22087272 -0.54094642  1.1224259 ]
 [-0.21828236 -0.53799874  1.1219157 ]
 [-0.21558011 -0.55395931  1.1150732 ]
 [-0.21606565 -0.55415815  1.1229225 ]
 [-0.21533862 -0.55666566  1.1217213 ]
 [-0.21644776 -0.54735583  1.1121275 ]
 [-0.2117966  -0.55059916  1.1122559 ]
 [-0.21528827 -0.54504162  1.1144255 ]
 [-0.21427746 -0.54592514  1.1187699 ]
 [-0.21593317 -0.54598588  1.1178949 ]
 [-0.21315707 -0.54611504  1.1206824 ]
 [-0.21568942 -0.54968321  1.1148739 ]
 [-0.21173097 -0.53847933  1.1105075 ]
 [-0.2159263  -0.54000759  1.1131525 ]
 [-0.21415195 -0.54079187  1.1194072 ]
 [-0.21126708 -0.53996384  1.1264591 ]
 [-0.21235362 -0.5429551   1.1220537 ]
 [-0.21051155 -0.54257768  1.1277517 ]
 [-0.21110824 -0.53765607  1.1216419 ]
 [-0.23372847 -0.56016821  1.1240515 ]
 [-0.23089276 -0.55881268  1.1235824 ]
 [-0.23069382 -0.56387371  1.1264591 ]
 [-0.2323893  -0.55762792  1.1274285 ]
 [-0.23461384 -0.55297399  1.1236436 ]
 [-0.23348197 -0.55219162  1.1254922 ]
 [-0.23589236 -0.55582041  1.1245269 ]
 [-0.23389569 -0.54703414  1.1231792 ]
 [-0.23348197 -0.54995197  1.1254922 ]
 [-0.23613188 -0.54644448  1.1221212 ]
 [-0.22731495 -0.56032127  1.1169255 ]
 [-0.22634391 -0.55901754  1.1197253 ]
 [-0.22682242 -0.56348145  1.119153  ]
 [-0.22714624 -0.5577907   1.1196558 ]
 [-0.22762202 -0.56414735  1.1207356 ]
 [-0.22407946 -0.55815101  1.1148083 ]
 [-0.22036867 -0.56079137  1.1179085 ]
 [-0.22263034 -0.55827481  1.1197253 ]
 [-0.23404826 -0.55980408  1.1293566 ]
 [-0.23318985 -0.55805182  1.1313187 ]
 [-0.23272498 -0.56309909  1.1339279 ]
 [-0.23059407 -0.55633616  1.1283954 ]
 [-0.2309541  -0.55074048  1.132265  ]
 [-0.22701323 -0.55209243  1.1329486 ]
 [-0.22778223 -0.54755425  1.1303271 ]
 [-0.2262715  -0.54971945  1.1342547 ]
 [-0.23587185 -0.54050314  1.1131539 ]
 [-0.23125093 -0.54029775  1.1145904 ]
 [-0.23479632 -0.53769559  1.1140181 ]
 [-0.2358188  -0.53960145  1.1178174 ]
 [-0.23126073 -0.54132593  1.1204314 ]
 [-0.23329045 -0.53768659  1.1186119 ]
 [-0.23527288 -0.54313946  1.1149563 ]
 [-0.23396781 -0.54030091  1.1244841 ]
 [-0.23198889 -0.54248655  1.1254922 ]
 [-0.23034482 -0.54157853  1.1245848 ]
 [-0.2325792  -0.54041386  1.1216149 ]
 [-0.2356531  -0.53970653  1.1225066 ]
 [-0.23330706 -0.53961152  1.129312  ]
 [-0.23170866 -0.53799498  1.1322316 ]
 [-0.23181199 -0.53811532  1.1293156 ]
 [-0.23453721 -0.53155792  1.1192476 ]
 [-0.2323225  -0.53252131  1.1225153 ]
 [-0.23225325 -0.53731185  1.1219612 ]
 [-0.22857206 -0.53487927  1.1197253 ]
 [-0.22413224 -0.53419358  1.1194936 ]
 [-0.22801262 -0.5358308   1.1245019 ]
 [-0.22452348 -0.53502113  1.1254922 ]
 [-0.22806884 -0.53366637  1.1221223 ]
 [-0.22873439 -0.53356433  1.1266205 ]
 [-0.22353074 -0.53426909  1.1318071 ]
 [-0.22959395 -0.53266013  1.1283979 ]
 [-0.2205469  -0.53520042  1.1163316 ]
 [-0.22321656 -0.53104818  1.120682  ]
 [-0.22147164 -0.53289479  1.1219177 ]
 [-0.21768479 -0.53329271  1.1224281 ]
 [-0.22013561 -0.53294837  1.1278794 ]
 [-0.21724437 -0.53147203  1.1320168 ]
 [-0.22190672 -0.56202883  1.1056926 ]
 [-0.21230853 -0.56361979  1.1181742 ]
 [-0.21659772 -0.56234646  1.1179757 ]
 [-0.21501131 -0.561198    1.1226014 ]
 [-0.21266949 -0.56363171  1.1259756 ]
 [-0.210758   -0.56338221  1.1217613 ]
 [-0.21049608 -0.5433253   1.1303434 ]
 [-0.21312858 -0.53644371  1.1103395 ]
 [-0.21129309 -0.53155315  1.1119951 ]
 [-0.21048494 -0.53599364  1.1094148 ]
 [-0.21378267 -0.53330928  1.1187716 ]
 [-0.21585377 -0.53576434  1.1192477 ]
 [-0.21097219 -0.53298593  1.1235645 ]
 [-0.21444005 -0.53145427  1.1274277 ]
 [-0.20901138 -0.547746    1.1094493 ]
 [-0.20710799 -0.54581928  1.1085193 ]
 [-0.20974788 -0.54407263  1.1094385 ]
 [-0.20362034 -0.54099345  1.1254922 ]
 [-0.2060191  -0.53945655  1.1275481 ]
 [-0.20923346 -0.54304731  1.1235633 ]
 [-0.20956223 -0.53112537  1.1121312 ]
 [-0.20809959 -0.53128844  1.1254922 ]
 [-0.20409946 -0.5345003   1.1322991 ]
 [-0.20414604 -0.53490549  1.1283979 ]
 [-0.20370091 -0.5361771   1.1342547 ]
 [-0.23916677 -0.56910986  1.1234308 ]
 [-0.24183363 -0.56918567  1.1244065 ]
 [-0.24181318 -0.56561792  1.126339  ]
 [-0.23749161 -0.56614739  1.1226087 ]
 [-0.24284224 -0.57056141  1.1264383 ]
 [-0.23830914 -0.56627125  1.1342547 ]
 [-0.24063972 -0.57046336  1.1342174 ]
 [-0.23870914 -0.56308264  1.1270138 ]
 [-0.23709497 -0.55876374  1.1267021 ]
 [-0.23684797 -0.56333059  1.1274152 ]
 [-0.24111    -0.56277502  1.1332743 ]
 [-0.23155339 -0.56745774  1.1176264 ]
 [-0.23097485 -0.56568426  1.1187612 ]
 [-0.23230994 -0.56676304  1.1150239 ]
 [-0.23524153 -0.56809777  1.1247364 ]
 [-0.23293491 -0.56686157  1.12646   ]
 [-0.23442337 -0.56460893  1.1255013 ]
 [-0.23437153 -0.57087809  1.1226014 ]
 [-0.23156707 -0.56555384  1.121641  ]
 [-0.23628186 -0.56938112  1.1216651 ]
 [-0.23339123 -0.56754637  1.1322956 ]
 [-0.22849421 -0.56613427  1.1181363 ]
 [-0.22544409 -0.56471819  1.1192265 ]
 [-0.22437726 -0.56648874  1.125746  ]
 [-0.23991768 -0.54016823  1.1206824 ]
 [-0.23741639 -0.54083037  1.1159135 ]
 [-0.23472765 -0.56724977  1.1101539 ]
 [-0.23335078 -0.56851059  1.1133721 ]
 [-0.23141806 -0.56908733  1.1126972 ]
 [-0.23040128 -0.56777132  1.1133856 ]
 [-0.227984   -0.56707126  1.1125067 ]
 [-0.22620597 -0.56793064  1.1081336 ]
 [-0.22810391 -0.56538242  1.1094017 ]
 [-0.22423752 -0.57000285  1.1093049 ]
 [-0.22385618 -0.56489402  1.1122862 ]
 [-0.22355753 -0.5660904   1.1083677 ]
 [-0.21909556 -0.56569499  1.1100686 ]
 [-0.22256422 -0.56626958  1.1093713 ]
 [-0.21979196 -0.57008827  1.1143856 ]
 [-0.22059058 -0.56692886  1.1206824 ]
 [-0.22215313 -0.56500447  1.1181989 ]
 [-0.21923259 -0.56975472  1.1210307 ]
 [-0.2229379  -0.56552178  1.1155399 ]
 [-0.22271296 -0.56927603  1.1245527 ]
 [-0.21825512 -0.56748325  1.1217782 ]
 [-0.21457165 -0.56652951  1.1125996 ]
 [-0.21466267 -0.56455529  1.1130716 ]
 [-0.21055774 -0.56980664  1.1138759 ]
 [-0.21311431 -0.56675559  1.1151148 ]
 [-0.21046996 -0.56539655  1.1178162 ]
 [-0.21637078 -0.57015234  1.1189008 ]
 [-0.21338469 -0.56996149  1.1146493 ]
 [-0.21022309 -0.57065046  1.1184549 ]
 [-0.23762685 -0.56748354  1.1381938 ]
 [-0.23725241 -0.57014173  1.1405694 ]
 [-0.23430213 -0.56674254  1.1367149 ]
 [-0.23666626 -0.56397307  1.1372058 ]
 [-0.22967827 -0.55670142  1.1362205 ]
 [-0.23349544 -0.54919142  1.1352367 ]
 [-0.22756401 -0.5378322   1.1369607 ]
 [-0.24175526 -0.53692847  1.1211619 ]
 [-0.23419923 -0.53411645  1.1111851 ]
 [-0.24131329 -0.53408325  1.121641  ]
 [-0.23863494 -0.53319043  1.121641  ]
 [-0.22864674 -0.53168458  1.1367131 ]
 [-0.23122644 -0.5259586   1.1242057 ]
 [-0.23416747 -0.52977198  1.1263946 ]
 [-0.22939688 -0.52846247  1.1274294 ]
 [-0.23133737 -0.52819705  1.1332752 ]
 [-0.2277762  -0.52775079  1.1342547 ]
 [-0.21783322 -0.52865094  1.1093628 ]
 [-0.21679237 -0.52708483  1.1334703 ]
 [-0.23098543 -0.52685225  1.1352367 ]
 [-0.22692621 -0.52518201  1.1367853 ]
 [-0.22359885 -0.52661544  1.1385226 ]
 [-0.22138757 -0.53333783  1.1362213 ]
 [-0.21931712 -0.53153771  1.1372058 ]
 [-0.21931712 -0.52550322  1.1372058 ]
 [-0.21032326 -0.52680075  1.1085933 ]
 [-0.21636355 -0.53011942  1.1093732 ]
 [-0.21076965 -0.52898741  1.1159135 ]
 [-0.21141559 -0.52887684  1.1219617 ]
 [-0.21499464 -0.52533114  1.1303434 ]
 [-0.22846881 -0.56602961  1.1001252 ]
 [-0.22744977 -0.56746775  1.1012839 ]
 [-0.22691533 -0.57088518  1.0998669 ]
 [-0.22393167 -0.56663084  1.1041672 ]
 [-0.22403549 -0.56883174  1.1040504 ]
 [-0.22941495 -0.56950873  1.1043513 ]
 [-0.22450398 -0.56745613  1.1019894 ]
 [-0.2240327  -0.56563294  1.1061567 ]
 [-0.22063969 -0.56709689  1.105363  ]
 [-0.21800794 -0.56018794  1.1006209 ]
 [-0.20884481 -0.56679934  1.1123078 ]
 [-0.20923361 -0.56764197  1.1235641 ]
 [-0.2140487  -0.56728524  1.1332743 ]
 [-0.21494128 -0.52527624  1.1053303 ]
 [-0.21182272 -0.52556968  1.1028752 ]
 [-0.21254766 -0.52556545  1.1075131 ]
 [-0.20894317 -0.53031808  1.1176262 ]
 [-0.2082887  -0.52630347  1.1219164 ]
 [-0.20632261 -0.53039807  1.1331623 ]
 [-0.19949096 -0.52517116  1.1250941 ]
 [-0.19884765 -0.52763718  1.1343154 ]
 [-0.20263954 -0.52649587  1.1339279 ]
 [-0.20384155 -0.52741706  1.1387088 ]
 [-0.20417526 -0.5254935   1.1394426 ]
 [-0.20033038 -0.52652884  1.1376165 ]
 [-0.20281386 -0.53041375  1.1356056 ]
 [-0.24777755 -0.57395256  1.1178175 ]
 [-0.24809515 -0.57635474  1.1173401 ]
 [-0.24862649 -0.57303303  1.1219622 ]
 [-0.24481827 -0.57043791  1.1159135 ]
 [-0.24376518 -0.56952846  1.1293324 ]
 [-0.23851225 -0.57721913  1.1175793 ]
 [-0.23752239 -0.5735544   1.1322973 ]
 [-0.23950347 -0.57680804  1.1327868 ]
 [-0.23857558 -0.57681972  1.1283979 ]
 [-0.23623797 -0.57487261  1.1173418 ]
 [-0.23465553 -0.57166439  1.1168649 ]
 [-0.23640254 -0.57336485  1.1216419 ]
 [-0.23548043 -0.57133436  1.1279128 ]
 [-0.24182132 -0.57376331  1.1401725 ]
 [-0.24064653 -0.57125729  1.138193  ]
 [-0.23788838 -0.57176226  1.1379963 ]
 [-0.24199742 -0.57718819  1.136659  ]
 [-0.23972005 -0.57473564  1.1093677 ]
 [-0.23965284 -0.57003832  1.109544  ]
 [-0.24012722 -0.56638241  1.1084108 ]
 [-0.2427925  -0.56979585  1.1093407 ]
 [-0.23830262 -0.56386513  1.1121613 ]
 [-0.23513556 -0.57440394  1.1121275 ]
 [-0.23277354 -0.57195836  1.1102442 ]
 [-0.23179214 -0.57245916  1.1086801 ]
 [-0.23645484 -0.57445276  1.1084478 ]
 [-0.22609167 -0.57391715  1.1111851 ]
 [-0.22441137 -0.57571131  1.1092718 ]
 [-0.22576554 -0.5753687   1.1168641 ]
 [-0.22039163 -0.57386035  1.1102366 ]
 [-0.21894522 -0.57459557  1.1192567 ]
 [-0.22000228 -0.57414126  1.1150994 ]
 [-0.2228771  -0.57214928  1.1181755 ]
 [-0.22109243 -0.57306892  1.1236619 ]
 [-0.21945411 -0.57209551  1.1215212 ]
 [-0.22295396 -0.5768351   1.1226014 ]
 [-0.2167464  -0.57749552  1.123885  ]
 [-0.22269863 -0.57248026  1.1323549 ]
 [-0.23693292 -0.56448245  1.106557  ]
 [-0.23448403 -0.57439035  1.106437  ]
 [-0.23361745 -0.56935358  1.1056547 ]
 [-0.22530721 -0.57569385  1.1059421 ]
 [-0.22922967 -0.57437825  1.1043392 ]
 [-0.22864136 -0.57298529  1.1028676 ]
 [-0.22734597 -0.57486403  1.1078691 ]
 [-0.22808559 -0.57115924  1.1077434 ]
 [-0.21257059 -0.57397246  1.1152925 ]
 [-0.21446046 -0.57238638  1.1197253 ]
 [-0.21444108 -0.5770731   1.1179746 ]
 [-0.21088585 -0.5743432   1.119891  ]
 [-0.21276145 -0.57433426  1.1264591 ]
 [-0.21165711 -0.57294273  1.1232427 ]
 [-0.20826797 -0.57125157  1.1095077 ]
 [-0.20494653 -0.57529038  1.1145446 ]
 [-0.20941289 -0.57334906  1.1245269 ]
 [-0.20794311 -0.57662648  1.1262664 ]
 [-0.20845746 -0.57482809  1.1274277 ]
 [-0.24245381 -0.57678056  1.1431546 ]
 [-0.23107997 -0.55858237  1.1431546 ]
 [-0.23151644 -0.55781865  1.1478277 ]
 [-0.2293635  -0.55506545  1.1421589 ]
 [-0.23012109 -0.53991354  1.1421589 ]
 [-0.22580138 -0.53923172  1.1471552 ]
 [-0.22339515 -0.53650045  1.1478254 ]
 [-0.22065675 -0.5332666   1.1441522 ]
 [-0.22123592 -0.5323835   1.1471552 ]
 [-0.22046438 -0.5267356   1.1431546 ]
 [-0.21895403 -0.52629733  1.147156  ]
 [-0.22175738 -0.52188241  1.1342547 ]
 [-0.22578938 -0.51881582  1.1368774 ]
 [-0.22033003 -0.52317047  1.1369193 ]
 [-0.22257712 -0.5180248   1.1373471 ]
 [-0.21104963 -0.5241372   1.1268176 ]
 [-0.21266229 -0.52143145  1.1322963 ]
 [-0.21254529 -0.52218306  1.1332743 ]
 [-0.21013378 -0.51993614  1.1283979 ]
 [-0.21122444 -0.51812065  1.1342547 ]
 [-0.21394455 -0.52150595  1.1367131 ]
 [-0.21629596 -0.52354795  1.1411648 ]
 [-0.22174318 -0.51792622  1.1471552 ]
 [-0.21662346 -0.52161539  1.1469063 ]
 [-0.20776899 -0.52224451  1.1237012 ]
 [-0.20634085 -0.51867568  1.1240451 ]
 [-0.2045866 -0.5202437  1.1226014]
 [-0.20388415 -0.52360684  1.1255505 ]
 [-0.20406888 -0.52321136  1.1282504 ]
 [-0.20489451 -0.52417743  1.1283979 ]
 [-0.23264413 -0.57677376  1.0919142 ]
 [-0.23580852 -0.57721382  1.0982795 ]
 [-0.22725171 -0.57343465  1.1001477 ]
 [-0.20092104 -0.57492155  1.1095511 ]
 [-0.19860828 -0.5242157   1.1188768 ]
 [-0.20108579 -0.51855904  1.1226701 ]
 [-0.20190552 -0.52165157  1.129419  ]
 [-0.20045492 -0.52393401  1.128706  ]
 [-0.1972255  -0.52373624  1.1323617 ]
 [-0.19238913 -0.52031803  1.12656   ]
 [-0.19449469 -0.51921219  1.1284797 ]
 [-0.19436087 -0.51942724  1.1377505 ]
 [-0.19206695 -0.51789099  1.1382496 ]
 [-0.19507226 -0.52356541  1.1402237 ]
 [-0.25570297 -0.5785718   1.1230824 ]
 [-0.25327155 -0.57766193  1.1227617 ]
 [-0.25138155 -0.57486629  1.1187699 ]
 [-0.25138155 -0.57635045  1.1187699 ]
 [-0.25665063 -0.57709885  1.1163521 ]
 [-0.25438511 -0.57533437  1.1254922 ]
 [-0.25303701 -0.57292473  1.1261374 ]
 [-0.2511259  -0.57385612  1.1226031 ]
 [-0.25631824 -0.57482809  1.1274277 ]
 [-0.25652257 -0.5771572   1.1261374 ]
 [-0.24563327 -0.57964253  1.1133745 ]
 [-0.24363585 -0.58041114  1.1081164 ]
 [-0.24638465 -0.58330041  1.1264591 ]
 [-0.24435304 -0.58230633  1.1274277 ]
 [-0.24355519 -0.58254319  1.1226022 ]
 [-0.24665576 -0.57439929  1.1130716 ]
 [-0.24636739 -0.57564139  1.1135641 ]
 [-0.24405824 -0.57353526  1.1109047 ]
 [-0.24022834 -0.57916188  1.1090246 ]
 [-0.24113433 -0.58405995  1.1080579 ]
 [-0.24128202 -0.5814209   1.1178176 ]
 [-0.24017273 -0.58178568  1.1149646 ]
 [-0.24197796 -0.58181512  1.1317093 ]
 [-0.23604539 -0.57932818  1.1104572 ]
 [-0.23296873 -0.57785165  1.1088364 ]
 [-0.23622337 -0.57861549  1.1079913 ]
 [-0.24695686 -0.58270651  1.1377    ]
 [-0.24367656 -0.5816555   1.1358925 ]
 [-0.22609167 -0.5798136   1.1111851 ]
 [-0.22683938 -0.5829311   1.1124449 ]
 [-0.22368988 -0.57986248  1.1094552 ]
 [-0.22650635 -0.5827769   1.1168641 ]
 [-0.22621073 -0.58180606  1.1264591 ]
 [-0.22543605 -0.57832438  1.1226014 ]
 [-0.22369528 -0.58064497  1.1275893 ]
 [-0.22365108 -0.58200234  1.1217544 ]
 [-0.24597533 -0.5813747   1.1065537 ]
 [-0.24650785 -0.58411115  1.1053332 ]
 [-0.23962291 -0.58025515  1.1059617 ]
 [-0.24101065 -0.58253992  1.10287   ]
 [-0.23739992 -0.58295953  1.1069649 ]
 [-0.23504975 -0.5802896   1.1050245 ]
 [-0.23372631 -0.58177185  1.1071979 ]
 [-0.23089373 -0.58207977  1.1056395 ]
 [-0.23042586 -0.57883745  1.1037023 ]
 [-0.22714782 -0.57908022  1.1055635 ]
 [-0.22553135 -0.58014619  1.1064154 ]
 [-0.22741726 -0.58132029  1.1020079 ]
 [-0.22885534 -0.58262807  1.1067306 ]
 [-0.22987977 -0.5795126   1.1022047 ]
 [-0.2296122  -0.58321106  1.107567  ]
 [-0.22180796 -0.57833618  1.113215  ]
 [-0.22190768 -0.5792045   1.120167  ]
 [-0.21847148 -0.58372951  1.1265845 ]
 [-0.21183228 -0.5798136   1.1254922 ]
 [-0.21451776 -0.58284134  1.124516  ]
 [-0.215003   -0.58105886  1.1264591 ]
 [-0.21114558 -0.58145773  1.123409  ]
 [-0.21064098 -0.57765901  1.1244466 ]
 [-0.22238997 -0.58404154  1.129347  ]
 [-0.2135561  -0.58398014  1.1306685 ]
 [-0.23835593 -0.58076555  1.0995007 ]
 [-0.23689216 -0.58400351  1.094636  ]
 [-0.2341031  -0.57987875  1.098524  ]
 [-0.23299624 -0.57940751  1.0955551 ]
 [-0.22411257 -0.58011252  1.0997187 ]
 [-0.20498835 -0.57930356  1.1151826 ]
 [-0.20879637 -0.58348203  1.1218283 ]
 [-0.23484874 -0.56246001  1.1542239 ]
 [-0.23229513 -0.54093915  1.149166  ]
 [-0.23102376 -0.54038799  1.1504264 ]
 [-0.22812103 -0.54036158  1.1511848 ]
 [-0.2271802  -0.53860438  1.1528728 ]
 [-0.22904541 -0.54122704  1.1481597 ]
 [-0.2259991 -0.5336113  1.1481597]
 [-0.21876647 -0.52539253  1.150174  ]
 [-0.22106797 -0.52877367  1.1542239 ]
 [-0.21896131 -0.52295369  1.1532092 ]
 [-0.22213073 -0.51280904  1.1336011 ]
 [-0.22175738 -0.51511121  1.1342547 ]
 [-0.22053888 -0.51352024  1.1357286 ]
 [-0.21113315 -0.51263154  1.1337645 ]
 [-0.21323667 -0.51709294  1.1369607 ]
 [-0.21140732 -0.51329821  1.1352367 ]
 [-0.21496056 -0.51291203  1.1461524 ]
 [-0.21527423 -0.51670545  1.1478249 ]
 [-0.20672525 -0.51740074  1.1261368 ]
 [-0.20387088 -0.51465529  1.1216909 ]
 [-0.20436695 -0.51217979  1.1216828 ]
 [-0.20884131 -0.51516926  1.13287   ]
 [-0.20587213 -0.51317245  1.1280111 ]
 [-0.21934368 -0.51301008  1.1532087 ]
 [-0.21169443 -0.51148027  1.1532087 ]
 [-0.20449533 -0.51241457  1.1535895 ]
 [-0.2000335  -0.51477224  1.1198018 ]
 [-0.1991411  -0.51411802  1.1254922 ]
 [-0.20063418 -0.51710421  1.1254922 ]
 [-0.20294614 -0.51335627  1.1226491 ]
 [-0.19948356 -0.51649779  1.1274277 ]
 [-0.20212279 -0.51227182  1.1219164 ]
 [-0.20317414 -0.51746279  1.1230299 ]
 [-0.23040485 -0.58016521  1.0874214 ]
 [-0.2343626  -0.57991064  1.0910103 ]
 [-0.19793974 -0.51168525  1.114114  ]
 [-0.19413695 -0.51229823  1.1122501 ]
 [-0.19568862 -0.51341856  1.1255653 ]
 [-0.19507347 -0.51431793  1.1297582 ]
 [-0.19545209 -0.51720899  1.1336733 ]
 [-0.19457443 -0.5152154   1.1395462 ]
 [-0.19489932 -0.5116747   1.137238  ]
 [-0.18418768 -0.5113641   1.126578  ]
 [-0.18737836 -0.51310915  1.1304381 ]
 [-0.18887454 -0.51464611  1.1338438 ]
 [-0.18866129 -0.51142377  1.1333488 ]
 [-0.26042312 -0.58515453  1.1247842 ]
 [-0.26240349 -0.58888108  1.1252644 ]
 [-0.26072741 -0.58872211  1.1273613 ]
 [-0.25923574 -0.58498889  1.1273596 ]
 [-0.25960878 -0.57997364  1.1192638 ]
 [-0.26229638 -0.58128327  1.1187083 ]
 [-0.25854152 -0.57825059  1.1161878 ]
 [-0.25816122 -0.58052272  1.1237437 ]
 [-0.25915086 -0.58006418  1.1332743 ]
 [-0.25788888 -0.57611758  1.1158701 ]
 [-0.25628781 -0.58945447  1.1244931 ]
 [-0.25033563 -0.58903682  1.1274277 ]
 [-0.24391557 -0.58759218  1.1168641 ]
 [-0.24461007 -0.58992088  1.1149646 ]
 [-0.2467557  -0.58596861  1.1232889 ]
 [-0.24841279 -0.58578593  1.1254922 ]
 [-0.24465676 -0.58692431  1.1219617 ]
 [-0.24884039 -0.58615345  1.1319705 ]
 [-0.24701533 -0.58432186  1.1327868 ]
 [-0.25255978 -0.58789527  1.1076651 ]
 [-0.25617939 -0.58960772  1.1074311 ]
 [-0.2440832  -0.58952051  1.1031802 ]
 [-0.24946588 -0.58963257  1.1102442 ]
 [-0.23856668 -0.58693725  1.1055635 ]
 [-0.24212714 -0.58780104  1.1058745 ]
 [-0.23703428 -0.58866459  1.1033055 ]
 [-0.24289207 -0.58900642  1.1023787 ]
 [-0.23406959 -0.58497131  1.1047615 ]
 [-0.23081444 -0.58788007  1.1055635 ]
 [-0.23282546 -0.58978546  1.1022878 ]
 [-0.23412782 -0.59091729  1.1088972 ]
 [-0.24873477 -0.58584845  1.1372068 ]
 [-0.24934883 -0.58586907  1.1411648 ]
 [-0.22967058 -0.58741313  1.106645  ]
 [-0.22529523 -0.58907598  1.1105222 ]
 [-0.22961186 -0.59001219  1.1099859 ]
 [-0.22923414 -0.5906328   1.1121275 ]
 [-0.22534701 -0.5846445   1.1088359 ]
 [-0.22930224 -0.58677256  1.1081803 ]
 [-0.2268175  -0.58788306  1.1171817 ]
 [-0.22833979 -0.58622307  1.1149646 ]
 [-0.22576019 -0.584975    1.1246274 ]
 [-0.22028236 -0.58796847  1.130457  ]
 [-0.25034845 -0.58812708  1.0982368 ]
 [-0.24926093 -0.58916897  1.0961093 ]
 [-0.2446876 -0.5850355  1.0992894]
 [-0.24642056 -0.58512461  1.0952203 ]
 [-0.24840051 -0.58400536  1.0986944 ]
 [-0.23863669 -0.58919644  1.0985571 ]
 [-0.24108708 -0.58473033  1.1001085 ]
 [-0.23462477 -0.58472759  1.0973868 ]
 [-0.23630334 -0.58933097  1.0978475 ]
 [-0.24648407 -0.58986646  1.0906736 ]
 [-0.24389018 -0.58904976  1.0938061 ]
 [-0.24177314 -0.58593595  1.0927992 ]
 [-0.22441013 -0.53269094  1.1583024 ]
 [-0.22529259 -0.53699219  1.1562595 ]
 [-0.22224179 -0.53004199  1.1603526 ]
 [-0.22316036 -0.52808475  1.1611248 ]
 [-0.21978286 -0.52222908  1.1575357 ]
 [-0.21848679 -0.51843256  1.1567717 ]
 [-0.22050731 -0.51726961  1.1593266 ]
 [-0.21297561 -0.50949693  1.1322538 ]
 [-0.21085978 -0.5074631   1.1322966 ]
 [-0.21067768 -0.50477302  1.1313187 ]
 [-0.2104387 -0.5077616  1.1283774]
 [-0.21402514 -0.50840926  1.1411648 ]
 [-0.21678561 -0.50971973  1.1461535 ]
 [-0.20640536 -0.50737792  1.1271054 ]
 [-0.20669693 -0.50445724  1.1247247 ]
 [-0.20365946 -0.50997531  1.1233835 ]
 [-0.20767607 -0.50927544  1.1313187 ]
 [-0.2047617  -0.50575328  1.1345632 ]
 [-0.20455517 -0.50779545  1.1352206 ]
 [-0.21303692 -0.50950229  1.1521955 ]
 [-0.20404518 -0.50842053  1.1532087 ]
 [-0.20772226 -0.5092411   1.1481603 ]
 [-0.20083466 -0.50786507  1.1182947 ]
 [-0.19881085 -0.50706124  1.1173418 ]
 [-0.19818336 -0.50748938  1.1178892 ]
 [-0.19852152 -0.50559324  1.1202644 ]
 [-0.20272589 -0.50758469  1.1226026 ]
 [-0.19845968 -0.51012683  1.121641  ]
 [-0.20838784 -0.51618809  1.1603526 ]
 [-0.20320165 -0.50594556  1.1441522 ]
 [-0.19224349 -0.5045101   1.1113017 ]
 [-0.19492488 -0.5096994   1.1136528 ]
 [-0.19423184 -0.50472718  1.1137396 ]
 [-0.19071789 -0.50445408  1.1103717 ]
 [-0.19291352 -0.50666225  1.122681  ]
 [-0.19406755 -0.50990468  1.1246032 ]
 [-0.19346811 -0.51021355  1.1289495 ]
 [-0.18752363 -0.50800836  1.129617  ]
 [-0.26418421 -0.59148431  1.131229  ]
 [-0.25033563 -0.59202802  1.1274277 ]
 [-0.24713996 -0.59243977  1.1197253 ]
 [-0.24862538 -0.59615332  1.1197253 ]
 [-0.24947757 -0.59596086  1.1235633 ]
 [-0.24857377 -0.59185553  1.1228435 ]
 [-0.25093874 -0.59441936  1.1102442 ]
 [-0.25303379 -0.59218645  1.1081332 ]
 [-0.24777754 -0.59162247  1.1126044 ]
 [-0.25215554 -0.59605455  1.0963209 ]
 [-0.25549066 -0.59632415  1.0981561 ]
 [-0.25273901 -0.59129047  1.1000687 ]
 [-0.25233561 -0.59701407  1.103471  ]
 [-0.25268978 -0.59676981  1.1074317 ]
 [-0.25662053 -0.59460282  1.1074317 ]
 [-0.24903765 -0.59482956  1.0954038 ]
 [-0.24353424 -0.59661853  1.0992057 ]
 [-0.24960557 -0.59528571  1.0949057 ]
 [-0.24543253 -0.59394228  1.107828  ]
 [-0.24495377 -0.59754384  1.1056664 ]
 [-0.24904089 -0.59686691  1.1018474 ]
 [-0.2405196 -0.5953269  1.0963197]
 [-0.24200137 -0.59332174  1.097544  ]
 [-0.24062312 -0.5966174   1.0992194 ]
 [-0.23853791 -0.59728169  1.0972406 ]
 [-0.24006885 -0.59636575  1.1009222 ]
 [-0.24307266 -0.59757787  1.0982927 ]
 [-0.23833895 -0.59125167  1.094646  ]
 [-0.23800139 -0.59131843  1.1056848 ]
 [-0.23728378 -0.59512347  1.1015522 ]
 [-0.23714602 -0.59114921  1.1044519 ]
 [-0.24197528 -0.59213924  1.1014209 ]
 [-0.23103717 -0.59434664  1.0981567 ]
 [-0.23487343 -0.59380805  1.0999769 ]
 [-0.23086962 -0.59483093  1.095419  ]
 [-0.23360728 -0.59570926  1.1057159 ]
 [-0.2321431  -0.59570873  1.1057228 ]
 [-0.23031129 -0.59488845  1.1105396 ]
 [-0.23650628 -0.59522575  1.1095694 ]
 [-0.22914004 -0.59307909  1.0975434 ]
 [-0.22998448 -0.59437287  1.0983484 ]
 [-0.22807932 -0.59433746  1.1071209 ]
 [-0.22838047 -0.59536231  1.1023121 ]
 [-0.22737308 -0.59552401  1.1102442 ]
 [-0.22622494 -0.59307903  1.1132277 ]
 [-0.22834146 -0.59717709  1.1137238 ]
 [-0.2304067  -0.59587836  1.1178162 ]
 [-0.22874817 -0.59230608  1.1187704 ]
 [-0.24631107 -0.59341335  1.0919074 ]
 [-0.2456267 -0.5947547  1.0899404]
 [-0.24468695 -0.59364742  1.0918965 ]
 [-0.24551052 -0.59665763  1.0883589 ]
 [-0.24339724 -0.59484583  1.0941252 ]
 [-0.24112223 -0.59603697  1.0901099 ]
 [-0.24279812 -0.59352368  1.0926653 ]
 [-0.23850647 -0.59712887  1.0937595 ]
 [-0.23394406 -0.59480906  1.0942205 ]
 [-0.23462951 -0.59098244  1.09013   ]
 [-0.23498748 -0.5914861   1.093753  ]
 [-0.23622823 -0.59692359  1.0899404 ]
 [-0.23611388 -0.5967418   1.0887827 ]
 [-0.24339646 -0.5873667   1.0860306 ]
 [-0.2394067  -0.59476876  1.0831618 ]
 [-0.23629132 -0.59381276  1.083397  ]
 [-0.2233167  -0.52436191  1.167588  ]
 [-0.22166777 -0.52357811  1.1613812 ]
 [-0.21395251 -0.52002841  1.1655097 ]
 [-0.21259703 -0.51894432  1.1665484 ]
 [-0.21318413 -0.4996596   1.1235273 ]
 [-0.21193451 -0.50402623  1.1283617 ]
 [-0.21426943 -0.50153196  1.1384401 ]
 [-0.20566085 -0.49953341  1.1259135 ]
 [-0.20645438 -0.50258476  1.1219639 ]
 [-0.20967953 -0.49986818  1.1249424 ]
 [-0.20770314 -0.50199372  1.1335207 ]
 [-0.20393658 -0.50050032  1.1288756 ]
 [-0.20348211 -0.50228     1.1295283 ]
 [-0.20370091 -0.50156885  1.1342547 ]
 [-0.20911953 -0.5037477   1.1391819 ]
 [-0.21724196 -0.50354892  1.1421589 ]
 [-0.20040703 -0.50382102  1.1159135 ]
 [-0.19955428 -0.50213468  1.1247191 ]
 [-0.20321433 -0.50415009  1.1232432 ]
 [-0.20041721 -0.50220764  1.1293806 ]
 [-0.2027223  -0.50136524  1.1372058 ]
 [-0.19800049 -0.50073671  1.1107147 ]
 [-0.19016965 -0.49899024  1.1135991 ]
 [-0.19289275 -0.49924392  1.1159986 ]
 [-0.1952187  -0.50130188  1.1197927 ]
 [-0.19064647 -0.49944627  1.1198088 ]
 [-0.19088382 -0.50314885  1.114838  ]
 [-0.19531295 -0.4986423   1.1238497 ]
 [-0.19100161 -0.50326204  1.1217252 ]
 [-0.18841407 -0.50141597  1.1253308 ]
 [-0.18974903 -0.49977246  1.1247594 ]
 [-0.18653283 -0.49803901  1.128468  ]
 [-0.18866377 -0.50015795  1.1401969 ]
 [-0.18802133 -0.4995214   1.1352806 ]
 [-0.18639971 -0.4978922   1.1402023 ]
 [-0.26095387 -0.59883177  1.102774  ]
 [-0.25478071 -0.60173047  1.1013849 ]
 [-0.25661933 -0.59822547  1.1030073 ]
 [-0.25423652 -0.59999335  1.0973295 ]
 [-0.2537668  -0.60094839  1.0964196 ]
 [-0.24810499 -0.59766895  1.0913013 ]
 [-0.24411893 -0.59971154  1.0889024 ]
 [-0.24988866 -0.59958565  1.094962  ]
 [-0.23721416 -0.60086685  1.0944895 ]
 [-0.24258673 -0.59770292  1.0933493 ]
 [-0.2404549  -0.59903067  1.0983087 ]
 [-0.24197397 -0.60150802  1.0963197 ]
 [-0.23694892 -0.60024321  1.0999986 ]
 [-0.23928872 -0.59826416  1.0951142 ]
 [-0.23262544 -0.60099077  1.093395  ]
 [-0.23497766 -0.59814382  1.0908473 ]
 [-0.23417556 -0.59842873  1.0892462 ]
 [-0.23153046 -0.60145473  1.098027  ]
 [-0.23473264 -0.59902     1.0976486 ]
 [-0.23318371 -0.59803486  1.1009222 ]
 [-0.23370117 -0.60152328  1.102949  ]
 [-0.23504327 -0.60219884  1.1024654 ]
 [-0.23102845 -0.5981943   1.1094644 ]
 [-0.22612722 -0.60424364  1.0920093 ]
 [-0.22976276 -0.60326707  1.0935774 ]
 [-0.22852689 -0.60172182  1.0969316 ]
 [-0.22891553 -0.59867364  1.0992615 ]
 [-0.24100767 -0.60006279  1.0856235 ]
 [-0.23232129 -0.59894931  1.0818468 ]
 [-0.23073706 -0.60141748  1.0874238 ]
 [-0.24260251 -0.59314305  1.0765183 ]
 [-0.24268468 -0.59366411  1.0800645 ]
 [-0.23731826 -0.59546429  1.0811707 ]
 [-0.2308524 -0.5953126  1.0764642]
 [-0.23484109 -0.59634894  1.0803524 ]
 [-0.23037586 -0.59739202  1.0797307 ]
 [-0.22422609 -0.5207969   1.1707128 ]
 [-0.22422609 -0.51769078  1.1707128 ]
 [-0.22072577 -0.51831818  1.168626  ]
 [-0.21081312 -0.52375287  1.1738571 ]
 [-0.21313548 -0.49561557  1.1244785 ]
 [-0.21126708 -0.49513292  1.1264591 ]
 [-0.21021762 -0.49479663  1.1248915 ]
 [-0.21091683 -0.49232042  1.1226029 ]
 [-0.2148004  -0.49737686  1.1332743 ]
 [-0.20685665 -0.49175316  1.1187699 ]
 [-0.20642929 -0.4957754   1.1245269 ]
 [-0.20509039 -0.49415088  1.1250635 ]
 [-0.20366758 -0.49450314  1.121641  ]
 [-0.20824194 -0.49735647  1.1276382 ]
 [-0.1991411  -0.49470794  1.1254922 ]
 [-0.20212726 -0.49470794  1.1254922 ]
 [-0.20212726 -0.49620101  1.1254922 ]
 [-0.20066042 -0.49361056  1.1216569 ]
 [-0.196841   -0.49505907  1.1236355 ]
 [-0.19967273 -0.49323347  1.1293632 ]
 [-0.1974806  -0.49318087  1.1362004 ]
 [-0.19114311 -0.49595103  1.1249448 ]
 [-0.19167569 -0.49172178  1.1254922 ]
 [-0.19064102 -0.49418443  1.1336902 ]
 [-0.1938362  -0.49157608  1.1337645 ]
 [-0.19467106 -0.49256495  1.1351349 ]
 [-0.19115867 -0.49619401  1.1357286 ]
 [-0.18674001 -0.4944917   1.1323431 ]
 [-0.18967892 -0.49474758  1.1294149 ]
 [-0.18865386 -0.49404535  1.1342547 ]
 [-0.18978238 -0.49667859  1.1342547 ]
 [-0.18797816 -0.49480483  1.1372313 ]
 [-0.1896162  -0.49257505  1.1364176 ]
 [-0.18801497 -0.50026292  1.1421797 ]
 [-0.2347865  -0.60576069  1.0954785 ]
 [-0.23424916 -0.60635537  1.101112  ]
 [-0.23133309 -0.60635424  1.1011258 ]
 [-0.23521908 -0.60759258  1.106046  ]
 [-0.23580025 -0.60522854  1.1057289 ]
 [-0.22845151 -0.60666776  1.0946532 ]
 [-0.23798706 -0.60732234  1.1086724 ]
 [-0.20928928 -0.48901728  1.1159135 ]
 [-0.20683978 -0.48738137  1.1243932 ]
 [-0.20512958 -0.48945558  1.1249032 ]
 [-0.21079224 -0.48440748  1.1121275 ]
 [-0.20766492 -0.48620909  1.1111858 ]
 [-0.20510662 -0.48612124  1.1093049 ]
 [-0.20267934 -0.48834324  1.1121291 ]
 [-0.1970605  -0.48761636  1.1204669 ]
 [-0.20205937 -0.49091548  1.1168641 ]
 [-0.19782409 -0.48558587  1.1241397 ]
 [-0.20253584 -0.48791686  1.1274016 ]
 [-0.19709553 -0.48731384  1.1337644 ]
 [-0.19476807 -0.48977     1.1209605 ]
 [-0.19419907 -0.48860309  1.1232724 ]
 [-0.19143304 -0.49030799  1.1226498 ]
 [-0.19412379 -0.48841238  1.1303484 ]
 [-0.19467267 -0.48877889  1.1342547 ]
 [-0.20896241 -0.4828507   1.1102442 ]
pts_ids list 744
 [179109, 179038, 228185, 228014, 179164, 179712, 228706, 179320, 228085, 228708, 228928, 228554, 179537, 179324, 178760, 178596, 178846, 227662, 178905, 227976, 227910, 178961, 227977, 227979, 179209, 227838, 179212, 228016, 228086, 227916, 228186, 179325, 179215, 227912, 179321, 179210, 178761, 227696, 227841, 179039, 228017, 179165, 227839, 227621, 227763, 179110, 179714, 179326, 179836, 179216, 228705, 228553, 179708, 179834, 179440, 179605, 179535, 179443, 179606, 179322, 227975, 179106, 179105, 228183, 179162, 227836, 228015, 179107, 229207, 180054, 180275, 229099, 229364, 180151, 229291, 180392, 227762, 227840, 178848, 178965, 228297, 179040, 227915, 228710, 179607, 228711, 228393, 179323, 229208, 229365, 229210, 179111, 179327, 179214, 179112, 228188, 228713, 179609, 179328, 179716, 180055, 179934, 227980, 228298, 179220, 179329, 179839, 180153, 227345, 179035, 178958, 179318, 179604, 179207, 180009, 227622, 178702, 227551, 179042, 179113, 179445, 179840, 227546, 227466, 227549, 179608, 179837, 179444, 178766, 179610, 180154, 179935, 180393, 228552, 179533, 179706, 228458, 228926, 180391, 229500, 179833, 179711, 229004, 180274, 178957, 228082, 227907, 228702, 179707, 228848, 179317, 179205, 228389, 180150, 179033, 228181, 228849, 179166, 178875, 227619, 227757, 178755, 227758, 178756, 178556, 227542, 178593, 178757, 178557, 227620, 227543, 227833, 179163, 179034, 228390, 227908, 228703, 179206, 178758, 178806, 227759, 227909, 178959, 228083, 227834, 228081, 180828, 180959, 180564, 180702, 180565, 180463, 180566, 179213, 178701, 179218, 179219, 180567, 179538, 179715, 179838, 180277, 180394, 227553, 180279, 180465, 180569, 180829, 180568, 180703, 180704, 227467, 227554, 178877, 179221, 180010, 227189, 227216, 178173, 178351, 227287, 227286, 227217, 227387, 227342, 227191, 227695, 179439, 180276, 227349, 227237, 227421, 178967, 179224, 180278, 228852, 229503, 180281, 229822, 229932, 229733, 180464, 178955, 178949, 179202, 178874, 229206, 178951, 180149, 180148, 179932, 178956, 178902, 179203, 179831, 180958, 180827, 180701, 180563, 227535, 227541, 227463, 227540, 227694, 178754, 178639, 178554, 227461, 178693, 227536, 178903, 227618, 228179, 227905, 179032, 228551, 179204, 179315, 179437, 229363, 227386, 227384, 227341, 227340, 227285, 178260, 227418, 178488, 227906, 179103, 228013, 228180, 179705, 179438, 227537, 227832, 179534, 179703, 179832, 181237, 181238, 181466, 181138, 181140, 181467, 181468, 181292, 181469, 181239, 181470, 180395, 180572, 180570, 180705, 179717, 180155, 180280, 179937, 180397, 180571, 181043, 181471, 181381, 179447, 179539, 179330, 228851, 229101, 179936, 226945, 227129, 227188, 227538, 228087, 228460, 229212, 229102, 229366, 228929, 229104, 229734, 229823, 230068, 179436, 179312, 179031, 179030, 227974, 179603, 179704, 179316, 179830, 179699, 227754, 227458, 179700, 179828, 179313, 178804, 227756, 227617, 227533, 178548, 178950, 178845, 180053, 178637, 178551, 227459, 180700, 180462, 178692, 178752, 227534, 178901, 179701, 179314, 179829, 228387, 227381, 227337, 227382, 227236, 178417, 227338, 178484, 227339, 178308, 178385, 227383, 227213, 178418, 178258, 227417, 227755, 228293, 228925, 179602, 228701, 179702, 228550, 179532, 229203, 180007, 227163, 227014, 227128, 227056, 227164, 227904, 228388, 182169, 181638, 181706, 181787, 181907, 181557, 181558, 181707, 182173, 182042, 180282, 180396, 180467, 180283, 180573, 180468, 181382, 181472, 179718, 228394, 228395, 180157, 179938, 182043, 182045, 182044, 228193, 179612, 179611, 228461, 179841, 179227, 179448, 226866, 226944, 227847, 227699, 228856, 229213, 229422, 229934, 229735, 228930, 229294, 229423, 229424, 228699, 228846, 229001, 229002, 228177, 228080, 227972, 228549, 180273, 227973, 228698, 179827, 178900, 178843, 179435, 179601, 179201, 180052, 180147, 178482, 178481, 227249, 178636, 178383, 178382, 178307, 178255, 227282, 178384, 178256, 227456, 180699, 181042, 227380, 227615, 227532, 178751, 227460, 178549, 178948, 178844, 228700, 229289, 227125, 227079, 227162, 227055, 227127, 227126, 227186, 227099, 227098, 226915, 226974, 226962, 182641, 182413, 182775, 182833, 182546, 182416, 182702, 229368, 180159, 180058, 229106, 181045, 181383, 179844, 228719, 228556, 180059, 229504, 229592, 181908, 182046, 181559, 179047, 178980, 228019, 228302, 179336, 179230, 182777, 181293, 227666, 227765, 227766, 227624, 228462, 228717, 229107, 229214, 229338, 179826, 179101, 179100, 179434, 179310, 178634, 178547, 178750, 178051, 178136, 227185, 178306, 178479, 178478, 178011, 227159, 227010, 227416, 227333, 178218, 178052, 178099, 227160, 178100, 178189, 227122, 227013, 227336, 178220, 227281, 178219, 178137, 227161, 227054, 227334, 227335, 227614, 227530, 178101, 227124, 178480, 178253, 178635, 227753, 227752, 178947, 179028, 177854, 177804, 226943, 177769, 227011, 226914, 177895, 177948, 227012, 226916, 226975, 177805, 226873, 226859, 226813, 226814, 183285, 182834, 183106, 183180, 228557, 229108, 180830, 228858, 179233, 228857, 180289, 229109, 229215, 180400, 180903, 181142, 178882, 228720, 179450, 229216, 180708, 178663, 227767, 227982, 228196, 228197, 227848, 228558, 228396, 228859, 228721, 229111, 230073, 229593, 230075, 178252, 178217, 178305, 227096, 227078, 177853, 226872, 227052, 177982, 177947, 227123, 178049, 178168, 227053, 177944, 177831, 226896, 178135, 227097, 178190, 227235, 178251, 227531, 226942, 177945, 178050, 178169, 226856, 177600, 177734, 177387, 177548, 226758, 226610, 226738, 226699, 183657, 183662, 183397, 184125, 228723, 179721, 228860, 179340, 180288, 179054, 179543, 228861, 179236, 229008, 179618, 179617, 179615, 228397, 228560, 229218, 229675, 228724, 179619, 229425, 180291, 229594, 180471, 229369, 229219, 180403, 180401, 229736, 180578, 230261, 227051, 227211, 227212, 227379, 227332, 227009, 227455, 178883, 228725, 228863, 178780, 178718, 178608, 178779, 228304, 178916, 228726, 229009, 180292, 228398, 228561, 228463, 229296, 180402, 178665]
End_PTSFORFIT
End_CYLINDER
