Begin_CYLINDER
axis_vec ndarray 3 0
 [0 1 0]
err 1000000.0
fit_radius_2d_err 1000000.0
height 1
height_distributon_err 1000000.0
optimize_ang_err 1000000.0
percentage_in_err 1000000.0
percentage_out_err 1000000.0
radius 0.1
radius_err 1000000.0
x_vec ndarray 3 0
 [1 0 0]
y_vec ndarray 3 0
 [0 0 1]
Begin_PTSFORFIT
id 156572
pca_err 1000000.0
pca_vals list 3
 [1, 1, 1]
pca_vecs ndarray 3 3
 [1. 0. 0.]
 [0. 1. 0.]
 [0. 0. 1.]
pt_center ndarray 3 0
 [0 0 0]
pts ndarray 401 3
 [0.57694435 0.73440731 1.524598  ]
 [0.58081251 0.73514313 1.5272244 ]
 [0.57046384 0.72877634 1.5243641 ]
 [0.57221818 0.73179919 1.5207313 ]
 [0.57598221 0.73205727 1.514904  ]
 [0.57245117 0.72976643 1.5281662 ]
 [0.57407016 0.74157101 1.519581  ]
 [0.57163191 0.73744106 1.5157312 ]
 [0.57578617 0.7373634  1.5158027 ]
 [0.57355046 0.73587531 1.5158406 ]
 [0.5726915  0.73598111 1.5206667 ]
 [0.57042736 0.74018884 1.5208679 ]
 [0.57586437 0.73652697 1.5252519 ]
 [0.57562727 0.73619974 1.5224355 ]
 [0.57441759 0.73775613 1.5290589 ]
 [0.57608306 0.7358489  1.5317236 ]
 [0.58119589 0.73137575 1.5178133 ]
 [0.57754916 0.73340523 1.5171126 ]
 [0.57941753 0.73466599 1.5195886 ]
 [0.5788579  0.74181002 1.5188595 ]
 [0.58295226 0.73726904 1.5190492 ]
 [0.58017915 0.73904037 1.5292395 ]
 [0.58176714 0.73753029 1.5296663 ]
 [0.58569092 0.73187488 1.515064  ]
 [0.58918875 0.72958207 1.517997  ]
 [0.5864681  0.73216838 1.5251813 ]
 [0.56726366 0.72576934 1.5194855 ]
 [0.56767213 0.72883433 1.5243165 ]
 [0.5669384  0.73362488 1.5185864 ]
 [0.56750983 0.73515666 1.5133119 ]
 [0.56477797 0.7393347  1.5134768 ]
 [0.56968808 0.73775929 1.5101498 ]
 [0.5695973  0.73720968 1.5139569 ]
 [0.56467152 0.73994076 1.5179673 ]
 [0.56967539 0.73778456 1.5205498 ]
 [0.56866211 0.73870128 1.5246856 ]
 [0.56383085 0.74092615 1.5253    ]
 [0.56761056 0.74234051 1.5235699 ]
 [0.5635891 0.7415635 1.5247536]
 [0.56950659 0.73661947 1.5272006 ]
 [0.57574314 0.72837472 1.5143076 ]
 [0.57420909 0.73149502 1.5103798 ]
 [0.57446212 0.73107874 1.5110799 ]
 [0.57147372 0.73243058 1.5092678 ]
 [0.5718556  0.73302048 1.5137674 ]
 [0.5754742  0.73523062 1.5113409 ]
 [0.57589364 0.73440498 1.5089855 ]
 [0.57554775 0.73701692 1.5092014 ]
 [0.58112901 0.72638321 1.5131679 ]
 [0.57858473 0.73259515 1.5111617 ]
 [0.58269888 0.72929275 1.509962  ]
 [0.56512344 0.73822784 1.5285473 ]
 [0.56976122 0.74053705 1.5310298 ]
 [0.56428242 0.73672825 1.5323548 ]
 [0.56384599 0.73677403 1.5329579 ]
 [0.56994998 0.73646277 1.5341785 ]
 [0.56653953 0.73853052 1.5387846 ]
 [0.57322603 0.74270654 1.5093492 ]
 [0.58171386 0.74353611 1.5167592 ]
 [0.57985842 0.74838179 1.5215025 ]
 [0.58548236 0.72817242 1.5144739 ]
 [0.58532131 0.73217034 1.509496  ]
 [0.58515275 0.73055929 1.5090075 ]
 [0.58933598 0.73315483 1.5137182 ]
 [0.58669621 0.73678559 1.5093919 ]
 [0.58406281 0.74198669 1.5133506 ]
 [0.59567881 0.7264787  1.5111995 ]
 [0.59166527 0.72755009 1.51343   ]
 [0.59206599 0.72952467 1.5101924 ]
 [0.59573543 0.73183316 1.5205078 ]
 [0.59029984 0.73552763 1.5161268 ]
 [0.56314766 0.72685117 1.5162295 ]
 [0.55729502 0.72282022 1.5158782 ]
 [0.55814141 0.72855473 1.5244701 ]
 [0.55707484 0.72592044 1.5278876 ]
 [0.56327927 0.72699112 1.5213006 ]
 [0.56047535 0.72958422 1.5129782 ]
 [0.5575484  0.74157953 1.5252051 ]
 [0.57649934 0.72569644 1.507079  ]
 [0.57645172 0.73222452 1.5044696 ]
 [0.57601416 0.74028397 1.5070589 ]
 [0.56181502 0.74475515 1.522652  ]
 [0.55764097 0.74483329 1.5225804 ]
 [0.56102812 0.74005651 1.5336176 ]
 [0.55738217 0.74190134 1.5314049 ]
 [0.56163311 0.74359787 1.5293279 ]
 [0.58061898 0.7321381  1.5045408 ]
 [0.57780087 0.73240912 1.5044974 ]
 [0.58280313 0.73192596 1.5067742 ]
 [0.58098412 0.72975421 1.507392  ]
 [0.58707374 0.72566068 1.5069617 ]
 [0.58697283 0.73155385 1.5046232 ]
 [0.58584034 0.73156548 1.5050255 ]
 [0.58720994 0.72918385 1.5027103 ]
 [0.58369482 0.74226713 1.5077679 ]
 [0.55695426 0.73497462 1.53782   ]
 [0.56023812 0.73864919 1.5386809 ]
 [0.56104457 0.74165648 1.5457271 ]
 [0.56902152 0.73909712 1.5434169 ]
 [0.59208393 0.72774523 1.5045048 ]
 [0.5899877  0.72957224 1.5022243 ]
 [0.5968281  0.72497773 1.5077814 ]
 [0.55482894 0.71904767 1.5100181 ]
 [0.55067486 0.71913385 1.5099472 ]
 [0.55011082 0.71971995 1.5144397 ]
 [0.54999232 0.72148007 1.520151  ]
 [0.55223286 0.72807521 1.5198553 ]
 [0.55126852 0.72321784 1.5259118 ]
 [0.55461597 0.72256559 1.5214269 ]
 [0.55016941 0.73039222 1.5173304 ]
 [0.55304044 0.73190814 1.5257026 ]
 [0.55203539 0.73341519 1.5291537 ]
 [0.55047369 0.73964721 1.528897  ]
 [0.58288795 0.72899902 1.500018  ]
 [0.58158332 0.73077464 1.497876  ]
 [0.5788216  0.73316634 1.5001372 ]
 [0.55319738 0.73430157 1.5386556 ]
 [0.55015516 0.73429346 1.5391122 ]
 [0.55012321 0.73078626 1.5396245 ]
 [0.55013317 0.73493159 1.5398806 ]
 [0.55109721 0.73966545 1.539436  ]
 [0.55583209 0.74165255 1.5370049 ]
 [0.58975387 0.72654009 1.4978313 ]
 [0.55260479 0.73103923 1.5425949 ]
 [0.5508393  0.73314667 1.5473281 ]
 [0.55219072 0.73941338 1.5431397 ]
 [0.55609095 0.73629069 1.5473759 ]
 [0.55495876 0.74468029 1.5439764 ]
 [0.5501582  0.74248153 1.5501658 ]
 [0.54456329 0.7198351  1.5143448 ]
 [0.54742539 0.72510427 1.5132202 ]
 [0.54916102 0.72535652 1.5181278 ]
 [0.54452163 0.72872156 1.5193746 ]
 [0.54626805 0.72273898 1.5212843 ]
 [0.55632335 0.72168148 1.5068531 ]
 [0.5457446 0.7292977 1.5082126]
 [0.54745597 0.73223644 1.5151435 ]
 [0.54643154 0.73497903 1.5240731 ]
 [0.54638225 0.73525232 1.5220711 ]
 [0.54435217 0.7296167  1.5261976 ]
 [0.54979432 0.72591865 1.530583  ]
 [0.54650146 0.73674548 1.5219344 ]
 [0.54440552 0.73589903 1.5266025 ]
 [0.54592484 0.73919952 1.5327913 ]
 [0.54483819 0.73797917 1.5309467 ]
 [0.54898506 0.73630279 1.5309699 ]
 [0.54598069 0.72761679 1.5382266 ]
 [0.547346   0.73498386 1.5398326 ]
 [0.54547238 0.73770571 1.540405  ]
 [0.54350311 0.74075192 1.5362476 ]
 [0.54742485 0.74300665 1.5380659 ]
 [0.54398263 0.74494135 1.5365212 ]
 [0.58965653 0.71577364 1.4879636 ]
 [0.58437622 0.72693652 1.4922718 ]
 [0.5483954 0.7378065 1.5456206]
 [0.54542261 0.7415688  1.5424705 ]
 [0.5484702  0.74368691 1.5433556 ]
 [0.54425573 0.74376619 1.5432861 ]
 [0.59581935 0.71735322 1.491273  ]
 [0.59592062 0.7199747  1.4881094 ]
 [0.54707021 0.73203117 1.5486988 ]
 [0.54776245 0.74494863 1.5525874 ]
 [0.54501325 0.7468003  1.5503706 ]
 [0.54924142 0.74672079 1.5504403 ]
 [0.54452962 0.74258715 1.5500731 ]
 [0.54153097 0.73416221 1.5287044 ]
 [0.54212832 0.73565692 1.5285156 ]
 [0.53930771 0.73896968 1.5297782 ]
 [0.5426954  0.73866606 1.539277  ]
 [0.54127711 0.74351144 1.5409374 ]
 [0.54021031 0.73179638 1.5421791 ]
 [0.53672534 0.73044491 1.5434107 ]
 [0.53769445 0.7354961  1.5426246 ]
 [0.54090059 0.73783451 1.5451149 ]
 [0.53977054 0.74085164 1.544156  ]
 [0.54077446 0.74112898 1.541702  ]
 [0.53736556 0.73607409 1.5465124 ]
 [0.54258382 0.73596054 1.5425172 ]
 [0.53904009 0.74628437 1.5456464 ]
 [0.58559698 0.71086782 1.4940778 ]
 [0.59101921 0.71400791 1.4849745 ]
 [0.59113401 0.71251017 1.492062  ]
 [0.59478927 0.71101272 1.4887787 ]
 [0.59365362 0.71131361 1.4881799 ]
 [0.59388953 0.71665627 1.4843868 ]
 [0.5390299  0.73302853 1.5514141 ]
 [0.54057461 0.7369076  1.5481391 ]
 [0.5979563  0.71429068 1.4821982 ]
 [0.59940571 0.71410108 1.4900916 ]
 [0.5975197  0.71096128 1.4888238 ]
 [0.59950691 0.71671832 1.486933  ]
 [0.59912068 0.71703339 1.4814878 ]
 [0.60129744 0.71725017 1.4913632 ]
 [0.53981513 0.7259233  1.5488468 ]
 [0.53449863 0.73316509 1.5401427 ]
 [0.53265893 0.72955292 1.5395994 ]
 [0.53335524 0.73200095 1.5468687 ]
 [0.53395689 0.73975611 1.5428394 ]
 [0.53132749 0.73619425 1.5423249 ]
 [0.53034723 0.7424643  1.5467939 ]
 [0.53513533 0.72869951 1.5441517 ]
 [0.53155887 0.726569   1.5485051 ]
 [0.53576291 0.72868496 1.5528116 ]
 [0.53508258 0.73256999 1.5515022 ]
 [0.53587806 0.74057573 1.5490496 ]
 [0.53305995 0.74481606 1.5492741 ]
 [0.58366543 0.70599115 1.4949061 ]
 [0.59512651 0.70468622 1.4863225 ]
 [0.590572   0.70249426 1.4839754 ]
 [0.59456617 0.70729601 1.4778025 ]
 [0.59091371 0.70707983 1.4780896 ]
 [0.59196872 0.7119922  1.4772443 ]
 [0.59600794 0.71463907 1.4767736 ]
 [0.60091799 0.70884955 1.4859974 ]
 [0.59804499 0.70816261 1.4817821 ]
 [0.6006338  0.70968336 1.4777484 ]
 [0.60219228 0.71997017 1.4803303 ]
 [0.53584397 0.73646086 1.5575185 ]
 [0.60733145 0.70761466 1.4773215 ]
 [0.60556948 0.70995551 1.4795769 ]
 [0.60744208 0.71278709 1.4863086 ]
 [0.60372925 0.71054822 1.4839419 ]
 [0.60417169 0.72069395 1.4871905 ]
 [0.52443182 0.72733104 1.537016  ]
 [0.52448165 0.72414446 1.5405101 ]
 [0.52936006 0.72850138 1.540504  ]
 [0.52869934 0.72791749 1.5465095 ]
 [0.52988487 0.72362489 1.5414112 ]
 [0.52378058 0.73416978 1.5306821 ]
 [0.52454275 0.73002356 1.5337914 ]
 [0.52399129 0.72949308 1.5340602 ]
 [0.52763665 0.732099   1.5361743 ]
 [0.52897722 0.73370481 1.5467726 ]
 [0.5243448  0.73878711 1.529783  ]
 [0.52629548 0.73895156 1.5430896 ]
 [0.52543724 0.72716385 1.5495516 ]
 [0.52860087 0.7230258  1.5527703 ]
 [0.52958262 0.72872734 1.5532252 ]
 [0.52905738 0.72984827 1.5514399 ]
 [0.52347064 0.71841037 1.5371404 ]
 [0.5242812  0.71748877 1.5408744 ]
 [0.52693641 0.72009289 1.5456628 ]
 [0.52896273 0.72219586 1.5459865 ]
 [0.52535081 0.72114915 1.5493993 ]
 [0.52593899 0.72141016 1.559692  ]
 [0.52433628 0.72726226 1.5599034 ]
 [0.58778733 0.70081121 1.4860232 ]
 [0.59602338 0.70888901 1.4733694 ]
 [0.59737456 0.70672655 1.4684209 ]
 [0.60204452 0.71024787 1.4745654 ]
 [0.60711581 0.70707095 1.4729457 ]
 [0.52651662 0.73073179 1.5662675 ]
 [0.53053665 0.73717284 1.5620759 ]
 [0.5351041  0.74222934 1.5667654 ]
 [0.61006171 0.70755804 1.4773682 ]
 [0.52062684 0.72143781 1.5388111 ]
 [0.51717663 0.71878695 1.5386903 ]
 [0.51827657 0.71996009 1.5455972 ]
 [0.51928723 0.71768779 1.5415537 ]
 [0.51784784 0.72627014 1.5383376 ]
 [0.52070075 0.72323006 1.5366648 ]
 [0.51926094 0.72254777 1.5372053 ]
 [0.5197823  0.72731084 1.5458728 ]
 [0.51813489 0.7262556  1.54366   ]
 [0.52076596 0.72277743 1.5442228 ]
 [0.5228433  0.72628647 1.5459079 ]
 [0.52222502 0.72452068 1.5421046 ]
 [0.51932341 0.72374964 1.5476917 ]
 [0.51884383 0.7290979  1.5296537 ]
 [0.52212077 0.73190385 1.5436988 ]
 [0.52403432 0.72078645 1.5342914 ]
 [0.52045608 0.7206971  1.5513456 ]
 [0.52250218 0.71864581 1.5513748 ]
 [0.51980186 0.72214466 1.5482323 ]
 [0.52124834 0.7274794  1.5490593 ]
 [0.51755369 0.73404062 1.5535526 ]
 [0.51751149 0.73007244 1.5494597 ]
 [0.51874059 0.72339123 1.5257146 ]
 [0.52293354 0.72797239 1.5256962 ]
 [0.51929176 0.73451442 1.5244619 ]
 [0.51911855 0.73015261 1.5244784 ]
 [0.5231508  0.73492914 1.5244991 ]
 [0.51918435 0.73849648 1.5463333 ]
 [0.52027917 0.73960739 1.5418864 ]
 [0.52208591 0.73605782 1.543962  ]
 [0.52025628 0.72512048 1.5572109 ]
 [0.51855075 0.71394396 1.5362245 ]
 [0.5207535  0.71073163 1.5433168 ]
 [0.51742136 0.71286523 1.5438267 ]
 [0.51885569 0.70945382 1.5441359 ]
 [0.52273554 0.71393651 1.5451396 ]
 [0.52177769 0.71561491 1.5455539 ]
 [0.5172987  0.71524066 1.5441962 ]
 [0.52844238 0.71261537 1.5430171 ]
 [0.52334863 0.71137851 1.5457498 ]
 [0.52407634 0.70989335 1.5415262 ]
 [0.52138978 0.714315   1.5523882 ]
 [0.53491127 0.70908594 1.5598572 ]
 [0.52535135 0.72718298 1.5653378 ]
 [0.5156064  0.71034122 1.531585  ]
 [0.51549363 0.71421772 1.5333426 ]
 [0.51521951 0.72603422 1.5333499 ]
 [0.51626056 0.72401953 1.5302016 ]
 [0.51406407 0.7252301  1.539265  ]
 [0.51234955 0.72430021 1.5354483 ]
 [0.51419497 0.72417992 1.5428253 ]
 [0.51615632 0.72628051 1.5440369 ]
 [0.51302928 0.72761989 1.5416688 ]
 [0.51551348 0.72252589 1.5428386 ]
 [0.51563781 0.73562348 1.5314795 ]
 [0.51530212 0.73436141 1.5498799 ]
 [0.51962298 0.71748906 1.5276164 ]
 [0.53519994 0.71100771 1.5247203 ]
 [0.51645124 0.7336123  1.5191855 ]
 [0.51656318 0.73075122 1.5174563 ]
 [0.51845491 0.73160368 1.5192142 ]
 [0.5156827  0.70877177 1.5304118 ]
 [0.52005005 0.70323521 1.5335654 ]
 [0.52253991 0.70850414 1.5451432 ]
 [0.52681386 0.70709121 1.5388362 ]
 [0.52256298 0.70768464 1.5499892 ]
 [0.52946675 0.70603061 1.5518233 ]
 [0.52741075 0.7028169  1.5506434 ]
 [0.53401983 0.7060008  1.5397781 ]
 [0.53415376 0.70335662 1.540687  ]
 [0.53606015 0.70294279 1.5397949 ]
 [0.53250784 0.70664811 1.543382  ]
 [0.53357005 0.70692658 1.5506631 ]
 [0.53346628 0.70349801 1.5194834 ]
 [0.53515875 0.70335436 1.5160197 ]
 [0.5334245 0.7089293 1.5203329]
 [0.53418297 0.70262045 1.5247453 ]
 [0.53802717 0.70258844 1.5283054 ]
 [0.52602071 0.69875342 1.5264379 ]
 [0.52873886 0.69920117 1.5317637 ]
 [0.52863503 0.69800234 1.5335426 ]
 [0.52373242 0.69677371 1.530838  ]
 [0.52907932 0.70189756 1.5317558 ]
 [0.52357793 0.70205832 1.5334748 ]
 [0.52688652 0.69580209 1.5397681 ]
 [0.52830428 0.70151341 1.5520502 ]
 [0.53523707 0.69904256 1.5300604 ]
 [0.53155804 0.69653636 1.533578  ]
 [0.53190756 0.70213711 1.5294249 ]
 [0.53455412 0.70051694 1.5434061 ]
 [0.53501618 0.69822514 1.5488646 ]
 [0.53462207 0.70037675 1.5543474 ]
 [0.53474921 0.6988349  1.5604718 ]
 [0.53168619 0.69923592 1.5547773 ]
 [0.53479689 0.69593012 1.5587462 ]
 [0.53977424 0.70001394 1.5336463 ]
 [0.54179657 0.69798654 1.5336752 ]
 [0.53900665 0.69724363 1.5287794 ]
 [0.53756112 0.70027131 1.5362126 ]
 [0.53686917 0.69623131 1.5452398 ]
 [0.53968948 0.70388287 1.5354085 ]
 [0.54153991 0.70250142 1.5390036 ]
 [0.53481829 0.69953793 1.5253508 ]
 [0.5254302  0.69347733 1.5194458 ]
 [0.52652723 0.69227386 1.5228785 ]
 [0.52410644 0.69390863 1.5246803 ]
 [0.52977818 0.69388574 1.5264242 ]
 [0.52666122 0.69302565 1.5297046 ]
 [0.52994615 0.69376403 1.5397874 ]
 [0.53394186 0.69030792 1.5255318 ]
 [0.53056777 0.69227386 1.5228785 ]
 [0.53420365 0.69414991 1.5272948 ]
 [0.5360918 0.6937024 1.5265604]
 [0.53608805 0.69067907 1.5265729 ]
 [0.53479636 0.69110358 1.5318586 ]
 [0.53277719 0.69418329 1.5452253 ]
 [0.53889692 0.69227803 1.5242511 ]
 [0.5367052  0.69252974 1.523773  ]
 [0.53783393 0.6909126  1.5380315 ]
 [0.5406903  0.68927747 1.5434614 ]
 [0.53741091 0.69378167 1.5488864 ]
 [0.54401374 0.69337237 1.529582  ]
 [0.52908099 0.68826741 1.5256333 ]
 [0.53517002 0.68789583 1.5202553 ]
 [0.5344764  0.68678588 1.5283358 ]
 [0.53768688 0.68689018 1.5202696 ]
 [0.53920698 0.68368965 1.5245833 ]
 [0.53828061 0.68704474 1.523097  ]
 [0.53807294 0.68687308 1.5261497 ]
 [0.5397107  0.68757683 1.5213587 ]
 [0.5410881  0.68847954 1.5326779 ]
 [0.54136294 0.68319309 1.534479  ]
 [0.53960013 0.68806559 1.5362508 ]
 [0.54222131 0.68644136 1.5356698 ]
 [0.54377699 0.68699008 1.5249078 ]
 [0.542027   0.67919964 1.525596  ]
 [0.5399307  0.68220174 1.5301766 ]
 [0.54606819 0.67718095 1.52562   ]
 [0.54930925 0.67818189 1.5236838 ]
 [0.54459727 0.68079251 1.5291501 ]
 [0.55077559 0.68220049 1.5247784 ]
 [0.55427599 0.67172688 1.5250766 ]
 [0.55033046 0.6749649  1.5232688 ]
 [0.56018674 0.67330241 1.528651  ]
 [0.56333637 0.67272264 1.5251637 ]
 [0.5644592  0.66913521 1.5216849 ]
pts_ids list 401
 [156572, 42987, 42126, 42128, 99337, 100018, 42988, 156267, 156268, 42130, 100020, 100343, 100344, 156576, 100801, 43322, 155971, 156110, 99808, 100345, 100021, 101189, 43323, 99338, 41709, 100019, 155784, 42125, 42127, 155970, 156269, 155972, 99607, 156574, 156575, 156917, 100802, 100803, 157258, 156916, 41386, 99109, 41389, 99108, 99336, 41711, 155786, 41713, 41162, 155785, 155657, 100800, 101461, 157464, 101188, 101327, 101800, 156270, 100346, 101462, 41387, 99110, 41163, 41712, 41714, 100022, 40997, 41250, 41164, 42129, 42131, 41385, 40994, 99606, 42124, 41708, 41388, 157257, 40741, 40998, 155973, 157466, 157465, 157977, 157976, 157978, 40999, 155623, 155658, 40996, 98785, 155618, 98892, 98786, 99608, 101459, 101799, 102589, 102170, 40742, 98787, 40743, 40540, 40539, 40740, 41161, 99335, 41705, 41383, 41707, 100017, 100342, 157463, 155454, 155455, 155575, 101458, 43665, 157460, 157975, 158593, 158594, 155296, 101456, 158592, 102169, 44113, 159826, 102848, 40739, 40993, 41384, 41706, 41382, 40541, 40995, 41710, 156571, 42730, 42498, 42499, 156573, 42986, 101460, 157462, 100799, 156914, 157974, 43915, 101801, 159036, 102171, 39893, 155026, 44112, 159398, 102588, 102587, 98237, 98239, 158591, 103093, 103094, 103095, 102847, 42985, 156915, 157461, 43914, 102366, 43664, 101455, 101798, 102168, 102365, 44115, 159033, 43913, 102846, 98030, 39744, 98031, 97782, 39745, 153814, 44111, 159396, 153320, 98032, 97783, 98033, 97784, 98238, 101451, 101457, 43321, 101797, 102167, 43912, 159825, 43565, 43660, 158587, 102166, 159823, 160242, 97781, 97052, 96527, 38953, 38952, 39224, 153061, 39467, 39220, 152791, 153815, 102840, 38954, 39221, 39746, 39468, 98240, 42983, 100340, 100797, 101454, 42980, 312543, 42984, 100341, 100798, 158590, 312496, 159035, 313443, 43656, 313809, 158586, 42118, 42496, 42979, 313167, 100795, 101790, 159389, 96526, 38785, 38187, 152643, 38575, 266604, 103088, 103397, 38955, 42723, 312810, 100337, 42614, 42982, 42728, 100016, 313173, 43317, 156912, 313174, 156913, 313279, 42729, 157973, 42122, 313619, 313620, 100794, 157972, 214756, 313442, 99334, 42123, 312190, 312187, 312191, 159395, 159034, 158589, 158580, 312776, 264047, 42115, 313060, 42493, 100014, 264141, 312942, 313161, 263906, 100331, 266191, 266498, 312580, 312649, 42727, 99605, 100339, 42726, 312946, 313066, 100796, 42978, 312581, 214299, 99107, 312185, 311919, 311817, 311915, 312542, 212544, 264235, 312805, 42110, 99599, 265045, 263793, 263907, 263789, 264048, 265049, 311914, 311760, 311944, 312184, 312405, 312324, 312576, 312639, 312541, 312577, 312644, 263788, 99328, 312490, 312640, 312493, 264044, 264685, 265453, 99593, 99329, 99325, 312645, 312641, 312404, 263603, 264232, 312729, 312806, 312270, 311913, 212072, 312181, 212270, 312489, 263784, 263179, 212073, 263282, 312325, 312321, 312574, 264228, 312182, 263094, 263675, 264040, 264674, 312491, 312269, 262896, 312402, 262895, 312175, 312060, 263235, 312003, 263484, 263517, 263598, 263542, 312179, 263177, 312488, 263174, 312090, 263341, 312176, 312169, 312056, 312397, 312170, 311998]
End_PTSFORFIT
End_CYLINDER
