Begin_CYLINDER
axis_vec ndarray 3 0
 [0 1 0]
err 1000000.0
fit_radius_2d_err 1000000.0
height 1
height_distributon_err 1000000.0
optimize_ang_err 1000000.0
percentage_in_err 1000000.0
percentage_out_err 1000000.0
radius 0.1
radius_err 1000000.0
x_vec ndarray 3 0
 [1 0 0]
y_vec ndarray 3 0
 [0 0 1]
Begin_PTSFORFIT
id 37763
pca_err 1000000.0
pca_vals list 3
 [1, 1, 1]
pca_vecs ndarray 3 3
 [1. 0. 0.]
 [0. 1. 0.]
 [0. 0. 1.]
pt_center ndarray 3 0
 [0 0 0]
pts ndarray 373 3
 [-0.74111116  0.65378201  1.5372201 ]
 [-0.73767209  0.65304869  1.5405698 ]
 [-0.74286181  0.64965838  1.5410279 ]
 [-0.74399334  0.64397305  1.5379941 ]
 [-0.74704933  0.65519786  1.5405681 ]
 [-0.74518782  0.65079415  1.5458261 ]
 [-0.7457329   0.65992963  1.5436194 ]
 [-0.74446714  0.66212028  1.5423015 ]
 [-0.74347675  0.65685594  1.5423099 ]
 [-0.73778653  0.64552134  1.5321858 ]
 [-0.74162418  0.64774376  1.5345054 ]
 [-0.74123031  0.64564294  1.5359623 ]
 [-0.73845804  0.64400107  1.5364864 ]
 [-0.74283242  0.64817786  1.5389616 ]
 [-0.73904371  0.6544624   1.5451701 ]
 [-0.73797476  0.65027076  1.5452319 ]
 [-0.73928607  0.65851927  1.5415441 ]
 [-0.73490703  0.64646602  1.5409495 ]
 [-0.73631382  0.64982313  1.5407885 ]
 [-0.73419285  0.65318495  1.5428783 ]
 [-0.73063678  0.65662539  1.5325463 ]
 [-0.73471159  0.6571241   1.5381658 ]
 [-0.73258036  0.65926236  1.5355892 ]
 [-0.73179656  0.65639096  1.5465482 ]
 [-0.75561291  0.65105397  1.5356174 ]
 [-0.75335312  0.65096372  1.5456866 ]
 [-0.75194061  0.65312344  1.541424  ]
 [-0.75035214  0.6548143   1.5460659 ]
 [-0.75145149  0.65649384  1.5378015 ]
 [-0.75633174  0.65670562  1.5371692 ]
 [-0.75364083  0.64398569  1.5540435 ]
 [-0.75458539  0.65140468  1.5501812 ]
 [-0.75476635  0.65489346  1.5497518 ]
 [-0.75158149  0.65526205  1.550568  ]
 [-0.7555967   0.65100455  1.5544487 ]
 [-0.74640721  0.65123504  1.5503209 ]
 [-0.74389571  0.65468907  1.5499307 ]
 [-0.73716646  0.64713562  1.5501441 ]
 [-0.74039972  0.64804989  1.5540874 ]
 [-0.74253803  0.64899319  1.5479618 ]
 [-0.74013251  0.65504408  1.5544991 ]
 [-0.74285454  0.65509516  1.5544542 ]
 [-0.75345117  0.66282582  1.545193  ]
 [-0.74430543  0.66453695  1.5430721 ]
 [-0.73696452  0.66349941  1.5380776 ]
 [-0.73896104  0.66349381  1.541787  ]
 [-0.73251963  0.64194161  1.5364307 ]
 [-0.73219544  0.65282947  1.5499777 ]
 [-0.73257768  0.65224022  1.5540382 ]
 [-0.73553914  0.65013492  1.5515534 ]
 [-0.73315918  0.65101659  1.5542948 ]
 [-0.73038113  0.65025699  1.5501903 ]
 [-0.73090994  0.6631543   1.5359294 ]
 [-0.72761405  0.64883095  1.5320314 ]
 [-0.72482985  0.64320827  1.5338706 ]
 [-0.72392148  0.64745057  1.5386163 ]
 [-0.73001498  0.64713407  1.539036  ]
 [-0.72912312  0.65272224  1.5322887 ]
 [-0.72736359  0.65222162  1.5478014 ]
 [-0.72628909  0.65611804  1.5281739 ]
 [-0.72518533  0.65692633  1.5383286 ]
 [-0.72441494  0.65909284  1.5357287 ]
 [-0.7277053   0.65630531  1.5466189 ]
 [-0.72733837  0.64488095  1.5516686 ]
 [-0.73235536  0.66357756  1.5341315 ]
 [-0.72660315  0.66389656  1.5287222 ]
 [-0.7238096   0.66607004  1.5374119 ]
 [-0.75935394  0.64770424  1.5297399 ]
 [-0.7578786   0.64808124  1.5342277 ]
 [-0.75795019  0.64634484  1.5363072 ]
 [-0.75777328  0.64805293  1.5392274 ]
 [-0.76044613  0.6430999   1.5352613 ]
 [-0.76196879  0.64509398  1.5428027 ]
 [-0.75763172  0.64889514  1.5431993 ]
 [-0.75718045  0.64963096  1.5460629 ]
 [-0.76259172  0.65813959  1.537167  ]
 [-0.75761569  0.64668715  1.5508399 ]
 [-0.76247329  0.64571351  1.5495449 ]
 [-0.76316702  0.64418352  1.5538808 ]
 [-0.7571767   0.64211357  1.5538139 ]
 [-0.75603759  0.64659721  1.5609769 ]
 [-0.75151962  0.65393007  1.5572065 ]
 [-0.75585729  0.65097213  1.5557374 ]
 [-0.75097537  0.6515519   1.5550054 ]
 [-0.74497217  0.6498704   1.556972  ]
 [-0.74170661  0.64784551  1.5568566 ]
 [-0.73267257  0.65768915  1.5601575 ]
 [-0.73062646  0.65918928  1.5558076 ]
 [-0.7552743  0.6692602  1.5475284]
 [-0.74834704  0.67174524  1.5444874 ]
 [-0.74399805  0.66946983  1.5421542 ]
 [-0.7317273   0.66930711  1.538642  ]
 [-0.73559773  0.67159134  1.5409974 ]
 [-0.73617625  0.6693086   1.5372646 ]
 [-0.73254985  0.67549872  1.5413717 ]
 [-0.72795999  0.65737695  1.5579568 ]
 [-0.72788763  0.65913236  1.5558544 ]
 [-0.72730875  0.67317617  1.5390353 ]
 [-0.72762543  0.66922194  1.538712  ]
 [-0.7244975   0.67487484  1.5369798 ]
 [-0.71754771  0.64226633  1.5251535 ]
 [-0.7222259   0.64475876  1.5270718 ]
 [-0.71778959  0.64353102  1.5285256 ]
 [-0.72109014  0.64859664  1.5382911 ]
 [-0.71672636  0.64331663  1.5396124 ]
 [-0.72183836  0.6508885   1.5245857 ]
 [-0.71889389  0.65246725  1.5336398 ]
 [-0.72169715  0.65054131  1.5448043 ]
 [-0.72213805  0.65862679  1.5251212 ]
 [-0.7179867   0.66113573  1.5220686 ]
 [-0.72276735  0.64623666  1.5500046 ]
 [-0.71796703  0.64944595  1.5510916 ]
 [-0.7178666   0.65204316  1.5479578 ]
 [-0.72225493  0.66337693  1.5243487 ]
 [-0.71744746  0.66604614  1.5336195 ]
 [-0.71692038  0.64897603  1.556656  ]
 [-0.71694863  0.6533094   1.5547743 ]
 [-0.71816856  0.6703316   1.5322658 ]
 [-0.76711738  0.63898194  1.5303879 ]
 [-0.7643733   0.64086783  1.537964  ]
 [-0.76906937  0.64403486  1.5292736 ]
 [-0.76068884  0.64039439  1.5227976 ]
 [-0.76110798  0.63692582  1.5230081 ]
 [-0.75844187  0.64211714  1.5265666 ]
 [-0.76221144  0.63874978  1.5289927 ]
 [-0.762362    0.64522564  1.5228754 ]
 [-0.76592791  0.64558077  1.5472322 ]
 [-0.76718944  0.64369708  1.5508573 ]
 [-0.76533407  0.64386517  1.55313   ]
 [-0.76549703  0.65603161  1.5347161 ]
 [-0.76991624  0.64222127  1.5551417 ]
 [-0.76868987  0.64647824  1.5599905 ]
 [-0.76710987  0.64257288  1.5596892 ]
 [-0.75726587  0.6473248   1.5651597 ]
 [-0.75173414  0.65142828  1.5652639 ]
 [-0.74353272  0.64850157  1.5636441 ]
 [-0.74892962  0.65036786  1.5614516 ]
 [-0.73086625  0.67944705  1.5417237 ]
 [-0.72392482  0.6810655   1.5397321 ]
 [-0.71317631  0.64377975  1.5184182 ]
 [-0.71389395  0.64730084  1.5288653 ]
 [-0.71482623  0.6425426   1.5346113 ]
 [-0.71359497  0.65503192  1.519536  ]
 [-0.71080363  0.65026611  1.5203565 ]
 [-0.71507412  0.65162122  1.5236601 ]
 [-0.71512127  0.64936578  1.5323573 ]
 [-0.71193177  0.64452046  1.5381337 ]
 [-0.7103982   0.64243972  1.5385504 ]
 [-0.71114665  0.65490305  1.5356447 ]
 [-0.71320117  0.6423409   1.5457197 ]
 [-0.71591437  0.64239717  1.5456734 ]
 [-0.71617782  0.66066784  1.5337789 ]
 [-0.71216702  0.65883851  1.5359379 ]
 [-0.71087998  0.64600784  1.55129   ]
 [-0.71546417  0.64493906  1.5526053 ]
 [-0.71556836  0.65632039  1.5528067 ]
 [-0.71293432  0.64904112  1.5582259 ]
 [-0.71355814  0.65172744  1.5558258 ]
 [-0.71319067  0.66278642  1.5362321 ]
 [-0.71528363  0.66984284  1.5378728 ]
 [-0.77657729  0.64051414  1.5237221 ]
 [-0.77559501  0.64584231  1.5370461 ]
 [-0.77282196  0.64531934  1.5426171 ]
 [-0.77524847  0.65233195  1.5342399 ]
 [-0.77477443  0.64930111  1.5328988 ]
 [-0.76101041  0.63676643  1.5174586 ]
 [-0.75912935  0.64267462  1.5151703 ]
 [-0.75446308  0.6421597   1.5157626 ]
 [-0.75613391  0.64259058  1.5201197 ]
 [-0.77432907  0.65621495  1.5345654 ]
 [-0.76989025  0.64089251  1.5617337 ]
 [-0.76882398  0.64301038  1.5641758 ]
 [-0.76392734  0.64933878  1.5678604 ]
 [-0.75695425  0.64960909  1.5725586 ]
 [-0.75280315  0.65040278  1.571576  ]
 [-0.73334134  0.68261141  1.5430623 ]
 [-0.7278012   0.68337905  1.5421002 ]
 [-0.706738    0.65104812  1.5193881 ]
 [-0.70704103  0.65032411  1.5251751 ]
 [-0.70779711  0.64474404  1.5335546 ]
 [-0.70754707  0.6477145   1.5295585 ]
 [-0.70838058  0.64335412  1.5286807 ]
 [-0.70341092  0.64665407  1.5345075 ]
 [-0.70998853  0.64781094  1.534179  ]
 [-0.70939738  0.65227008  1.533802  ]
 [-0.70924574  0.65920699  1.5404871 ]
 [-0.7087881   0.64613783  1.5461211 ]
 [-0.70902371  0.64486492  1.5426651 ]
 [-0.70377642  0.64040458  1.5479647 ]
 [-0.70718831  0.66704339  1.5411615 ]
 [-0.71272969  0.6654042   1.5431671 ]
 [-0.7095803   0.64904839  1.5590332 ]
 [-0.78084254  0.6293996   1.5224386 ]
 [-0.77789468  0.63401771  1.521746  ]
 [-0.78157252  0.63917845  1.52536   ]
 [-0.78111535  0.64688367  1.5259564 ]
 [-0.77706432  0.64679962  1.5260255 ]
 [-0.77328157  0.63287157  1.5206525 ]
 [-0.77824849  0.64543205  1.5425245 ]
 [-0.7778542   0.65499687  1.5310694 ]
 [-0.77792102  0.64972776  1.5473574 ]
 [-0.7805317   0.65592289  1.5299817 ]
 [-0.77748948  0.66019487  1.534822  ]
 [-0.75882906  0.63131553  1.5095547 ]
 [-0.76193881  0.63809788  1.5110207 ]
 [-0.69740331  0.64586717  1.5170224 ]
 [-0.69731718  0.64445686  1.5223849 ]
 [-0.70038164  0.65520662  1.5241702 ]
 [-0.69786394  0.65730864  1.5265616 ]
 [-0.7025435   0.64815331  1.5302297 ]
 [-0.70290911  0.63785648  1.5410914 ]
 [-0.70224845  0.64876777  1.5368925 ]
 [-0.7020613   0.64907181  1.5375743 ]
 [-0.69695783  0.652538    1.5372689 ]
 [-0.70255458  0.65479487  1.539554  ]
 [-0.70212233  0.65470147  1.5408131 ]
 [-0.70239455  0.65993911  1.5395572 ]
 [-0.69920266  0.65944237  1.5351143 ]
 [-0.69741559  0.65425777  1.5451589 ]
 [-0.70299685  0.65739113  1.546417  ]
 [-0.69705057  0.65720516  1.5427891 ]
 [-0.70193589  0.6616717   1.5475521 ]
 [-0.69999123  0.66623181  1.5345186 ]
 [-0.69971704  0.65429264  1.5501349 ]
 [-0.6989395   0.64995474  1.5503598 ]
 [-0.70159274  0.66999722  1.5375816 ]
 [-0.69912648  0.67522657  1.5363615 ]
 [-0.69856703  0.65231347  1.5550258 ]
 [-0.7028535   0.65174484  1.5549012 ]
 [-0.78520095  0.6304909   1.515521  ]
 [-0.78474605  0.63511974  1.5147555 ]
 [-0.78632659  0.6389482   1.5149834 ]
 [-0.78406316  0.63844436  1.5204288 ]
 [-0.78684419  0.64054459  1.5286703 ]
 [-0.77269715  0.62619054  1.5201653 ]
 [-0.77434534  0.62631625  1.521235  ]
 [-0.77417821  0.6284017   1.5235817 ]
 [-0.78614992  0.64496702  1.5282904 ]
 [-0.7836262   0.64994335  1.5272477 ]
 [-0.7778793  0.6401009  1.5087029]
 [-0.77115119  0.63192755  1.5137005 ]
 [-0.7712757   0.63827336  1.5108668 ]
 [-0.75961763  0.62718683  1.5049698 ]
 [-0.75869089  0.62584674  1.5113592 ]
 [-0.75892752  0.62877005  1.5126265 ]
 [-0.7610414   0.62467408  1.5080104 ]
 [-0.76011705  0.62333006  1.5144043 ]
 [-0.76247776  0.63100481  1.5051595 ]
 [-0.76215827  0.63581854  1.5065465 ]
 [-0.75800085  0.6358043   1.507339  ]
 [-0.69215691  0.64277256  1.5207235 ]
 [-0.69201851  0.64905477  1.5217015 ]
 [-0.69622689  0.65126681  1.5239704 ]
 [-0.69254738  0.6582188   1.534029  ]
 [-0.69082761  0.66058087  1.5320201 ]
 [-0.69291031  0.66543519  1.5316457 ]
 [-0.69123834  0.66582805  1.5324197 ]
 [-0.69110054  0.6514551   1.5346357 ]
 [-0.69240934  0.65093458  1.5416614 ]
 [-0.69191831  0.64940512  1.5459906 ]
 [-0.69590837  0.65675491  1.5383062 ]
 [-0.69180769  0.66542363  1.5366564 ]
 [-0.69643444  0.66725314  1.5357826 ]
 [-0.6935128   0.64985287  1.5504493 ]
 [-0.69162333  0.67019236  1.5309018 ]
 [-0.69223082  0.66979295  1.5327088 ]
 [-0.69603324  0.6720745   1.5350512 ]
 [-0.79043317  0.63646638  1.5180033 ]
 [-0.79263771  0.64226353  1.5250221 ]
 [-0.78457052  0.63965893  1.5092778 ]
 [-0.79276669  0.64479268  1.5211776 ]
 [-0.7905345  0.6383149  1.5313686]
 [-0.79585618  0.6401552   1.5292066 ]
 [-0.79358947  0.6393466   1.5350773 ]
 [-0.79195517  0.64491081  1.533338  ]
 [-0.79047775  0.64791667  1.5297276 ]
 [-0.78537852  0.64618117  1.506251  ]
 [-0.78314894  0.64190346  1.506561  ]
 [-0.77618265  0.6396758   1.5043833 ]
 [-0.77055097  0.63790429  1.5016782 ]
 [-0.77028805  0.63701379  1.5075586 ]
 [-0.77241206  0.64340514  1.5046827 ]
 [-0.7605316   0.61970991  1.5044836 ]
 [-0.76043373  0.62224007  1.5014306 ]
 [-0.68700534  0.64549834  1.5204543 ]
 [-0.68677467  0.64552283  1.5259297 ]
 [-0.68963945  0.65385693  1.5257322 ]
 [-0.68753862  0.64794016  1.5312151 ]
 [-0.68546963  0.65063286  1.5306098 ]
 [-0.6846143   0.65509164  1.5302311 ]
 [-0.68847775  0.65540743  1.5287967 ]
 [-0.68647355  0.65962064  1.5298046 ]
 [-0.68735695  0.65581197  1.533259  ]
 [-0.68992835  0.65931487  1.5290492 ]
 [-0.68676072  0.65265346  1.5381486 ]
 [-0.68842316  0.65052915  1.5357232 ]
 [-0.6876843   0.66013908  1.5380028 ]
 [-0.69003332  0.66710895  1.5258638 ]
 [-0.68410909  0.66267705  1.5267514 ]
 [-0.68738306  0.66793019  1.5286011 ]
 [-0.68730289  0.6689651   1.5357022 ]
 [-0.68573117  0.66918308  1.5220904 ]
 [-0.68558866  0.67117381  1.5321904 ]
 [-0.68526584  0.67471761  1.5287493 ]
 [-0.68668127  0.67013347  1.540998  ]
 [-0.68723118  0.64635015  1.5347739 ]
 [-0.68927592  0.64762551  1.5481212 ]
 [-0.68611526  0.67836148  1.5260316 ]
 [-0.79691625  0.64228565  1.5242116 ]
 [-0.79760474  0.6402961   1.5339718 ]
 [-0.80266738  0.64773601  1.5300387 ]
 [-0.7911191   0.64290494  1.5054021 ]
 [-0.79985535  0.65028036  1.5269705 ]
 [-0.80218011  0.6427201   1.5385156 ]
 [-0.8015101   0.64203572  1.5418053 ]
 [-0.79989696  0.64628613  1.5466517 ]
 [-0.67899346  0.65426368  1.5262123 ]
 [-0.68173838  0.65345186  1.5272057 ]
 [-0.67757905  0.64575875  1.5305002 ]
 [-0.68158442  0.64669353  1.5293972 ]
 [-0.6820935   0.64379632  1.5341277 ]
 [-0.68050861  0.6518085   1.5330894 ]
 [-0.67735487  0.65552104  1.5296606 ]
 [-0.68273497  0.66216177  1.5167851 ]
 [-0.67992479  0.65905565  1.5254487 ]
 [-0.6769622   0.65942311  1.5299672 ]
 [-0.67725408  0.65756571  1.5335674 ]
 [-0.68189192  0.64081681  1.5381317 ]
 [-0.68064201  0.64836198  1.5372485 ]
 [-0.67706311  0.6477198   1.5380009 ]
 [-0.67930865  0.65393364  1.5354756 ]
 [-0.67810899  0.65900445  1.5354745 ]
 [-0.68210191  0.65787029  1.5357165 ]
 [-0.67994875  0.66667962  1.5238007 ]
 [-0.67813563  0.66733605  1.5342646 ]
 [-0.67710459  0.66320401  1.5287726 ]
 [-0.68334275  0.66788119  1.5386589 ]
 [-0.68385136  0.66261822  1.5212137 ]
 [-0.67828143  0.6659838   1.5171409 ]
 [-0.68298852  0.66999656  1.5210919 ]
 [-0.68084782  0.67370021  1.5316229 ]
 [-0.67847103  0.67213452  1.5297984 ]
 [-0.67779464  0.67172217  1.5454675 ]
 [-0.68104726  0.68094128  1.5329746 ]
 [-0.6769079   0.67939156  1.53374   ]
 [-0.67230636  0.65424114  1.5301033 ]
 [-0.67424577  0.65068483  1.5344062 ]
 [-0.67369843  0.65900987  1.5293162 ]
 [-0.67243302  0.64521092  1.5360565 ]
 [-0.67597312  0.66882193  1.5463877 ]
 [-0.67607588  0.66932118  1.5381925 ]
 [-0.67595547  0.67224222  1.5346941 ]
 [-0.68651479  0.66530126  1.5481467 ]
 [-0.68452114  0.66967213  1.5530668 ]
 [-0.67833436  0.66425294  1.5493383 ]
 [-0.68064648  0.66914171  1.5485792 ]
 [-0.67882657  0.67942548  1.5535526 ]
 [-0.68423313  0.68790758  1.5471373 ]
 [-0.68114138  0.68591905  1.5449549 ]
 [-0.67466229  0.65935117  1.5501184 ]
 [-0.68669045  0.68523359  1.54805   ]
 [-0.6850931   0.68671006  1.5559788 ]
 [-0.68186122  0.6860401   1.5498409 ]
 [-0.68539631  0.69187415  1.5467505 ]
 [-0.68554586  0.6910007   1.5425863 ]
 [-0.68672568  0.69141221  1.5419821 ]
 [-0.68566334  0.69344676  1.5480522 ]
 [-0.69116491  0.69176739  1.5628109 ]
 [-0.68864733  0.68814707  1.5615401 ]
 [-0.69342619  0.69042671  1.5690167 ]
 [-0.69255579  0.68553954  1.5753418 ]
 [-0.69659716  0.68707317  1.5756359 ]
 [-0.67826915  0.66848212  1.5665452 ]
pts_ids list 373
 [37549, 37763, 95509, 95100, 38106, 38073, 96496, 38909, 96156, 36522, 36894, 95101, 36726, 37192, 96157, 95858, 38530, 37193, 95510, 38074, 95525, 38107, 38138, 38759, 37215, 38072, 37882, 38507, 37889, 37888, 38038, 38495, 96479, 38895, 96471, 38496, 96480, 38054, 38497, 38053, 96964, 96963, 97002, 97003, 38771, 96694, 36512, 38710, 38884, 38498, 96472, 96138, 38552, 95113, 94914, 95295, 95294, 95310, 96158, 95320, 38108, 38139, 38760, 95840, 96193, 95877, 38918, 36521, 36893, 36880, 37191, 36511, 37190, 37532, 37881, 38105, 38052, 37745, 38037, 37736, 38877, 39121, 38881, 38882, 38883, 38754, 39590, 39403, 97751, 97752, 97384, 39165, 39423, 97022, 39716, 39397, 39404, 39424, 39166, 39441, 94773, 94828, 94829, 37194, 36881, 94926, 37216, 95859, 95321, 95329, 95841, 96139, 96159, 95540, 38715, 96473, 96802, 38933, 36069, 36510, 36274, 94652, 35803, 36072, 35989, 36076, 37516, 95705, 95830, 37548, 95829, 96462, 96127, 39116, 39394, 39118, 39117, 39872, 39873, 94654, 94920, 94915, 94933, 94833, 94927, 36895, 36882, 36727, 37550, 37169, 37168, 38140, 38141, 38056, 38055, 96965, 96675, 96682, 38553, 39167, 35870, 36879, 37189, 37214, 36892, 94272, 94537, 94538, 94653, 37547, 96118, 96453, 39393, 39698, 39699, 39985, 39986, 94834, 94928, 95011, 94921, 94830, 95114, 36896, 37217, 38531, 37533, 37195, 37170, 39168, 39146, 96676, 35614, 35749, 35869, 36272, 36273, 35716, 37188, 37213, 38051, 37240, 38137, 93439, 94039, 94719, 94775, 95119, 95322, 95018, 36500, 95296, 37218, 95526, 95868, 38109, 38532, 38142, 96160, 96481, 38533, 39147, 38772, 96482, 96140, 39169, 39442, 96684, 96683, 93774, 94030, 94274, 94534, 36071, 35386, 35479, 35615, 36271, 36520, 94037, 93775, 94038, 92737, 93131, 93434, 92733, 93126, 93137, 93605, 93670, 94720, 94835, 94929, 37774, 37892, 96194, 38554, 37219, 95709, 95860, 38110, 96508, 38919, 96141, 96517, 38934, 39193, 94271, 35990, 94036, 35965, 36068, 36067, 36266, 36509, 36519, 94278, 94044, 93780, 93443, 93779, 94045, 92238, 92242, 94776, 94831, 95120, 95046, 36897, 37241, 95323, 37560, 95527, 95534, 37551, 37220, 96182, 38166, 37567, 96202, 96810, 95886, 96706, 96812, 97398, 95115, 95842, 97044, 35964, 36265, 36517, 94043, 36518, 36725, 36866, 37515, 36908, 36907, 94923, 94922, 94916, 95311, 37242, 36911, 37251, 37561, 95716, 95012, 95297, 95298, 95528, 38143, 95869, 37777, 96509, 37894, 97023, 37250, 37254, 95887, 97038, 38935, 39717, 97773, 39609, 95324, 95312, 95535, 95102, 39596, 39170, 39194, 39412, 39859, 39413, 39705, 214703, 213895, 265029, 39130, 214053, 266312, 265612, 265239, 213174, 213072, 214064, 215405, 266693, 267644, 268650, 268651, 215658]
End_PTSFORFIT
End_CYLINDER
