Begin_CYLINDER
axis_vec ndarray 3 0
 [0 1 0]
err 1000000.0
fit_radius_2d_err 1000000.0
height 1
height_distributon_err 1000000.0
optimize_ang_err 1000000.0
percentage_in_err 1000000.0
percentage_out_err 1000000.0
radius 0.1
radius_err 1000000.0
x_vec ndarray 3 0
 [1 0 0]
y_vec ndarray 3 0
 [0 0 1]
Begin_PTSFORFIT
id 130202
pca_err 1000000.0
pca_vals list 3
 [1, 1, 1]
pca_vecs ndarray 3 3
 [1. 0. 0.]
 [0. 1. 0.]
 [0. 0. 1.]
pt_center ndarray 3 0
 [0 0 0]
pts ndarray 515 3
 [ 1.1396114  -0.02280115  1.4374766 ]
 [ 1.1386776  -0.01936082  1.4371517 ]
 [ 1.1396844 -0.0209583  1.4352455]
 [ 1.1429728  -0.02177321  1.4408628 ]
 [ 1.1299593 -0.0170757  1.4382157]
 [ 1.1397543  -0.02809937  1.4355221 ]
 [ 1.1406492  -0.02754219  1.4446297 ]
 [ 1.1426016 -0.0278431  1.4430959]
 [ 1.1397728  -0.02116534  1.4443874 ]
 [ 1.1418748 -0.0208862  1.4415421]
 [ 1.1416337  -0.01702784  1.4368895 ]
 [ 1.1453227  -0.02610231  1.4401248 ]
 [ 1.1480025  -0.02930885  1.4399347 ]
 [ 1.144383   -0.02817567  1.4402273 ]
 [ 1.1465044  -0.02729476  1.4446874 ]
 [ 1.1469671  -0.02589012  1.446005  ]
 [ 1.1487392  -0.02753973  1.4435437 ]
 [ 1.1465423  -0.02711149  1.4478042 ]
 [ 1.1499103  -0.02570137  1.4455795 ]
 [ 1.1484138  -0.01989234  1.4339075 ]
 [ 1.1486429  -0.01948326  1.4384832 ]
 [ 1.1457783  -0.02203189  1.4449784 ]
 [ 1.1460338  -0.02215579  1.4426818 ]
 [ 1.1473373  -0.01826288  1.4434946 ]
 [ 1.1494191  -0.02093407  1.4466084 ]
 [ 1.1460557  -0.01935229  1.4413794 ]
 [ 1.1454694  -0.01845868  1.441507  ]
 [ 1.1486968  -0.01851921  1.4415625 ]
 [ 1.1445725  -0.01531419  1.4373745 ]
 [ 1.1483471  -0.01742014  1.4385319 ]
 [ 1.1443156  -0.01235293  1.4478071 ]
 [ 1.1281095  -0.02074136  1.4350463 ]
 [ 1.1477934 -0.0337978  1.4363524]
 [ 1.1449485  -0.03190203  1.4363345 ]
 [ 1.1493951  -0.03297239  1.4396574 ]
 [ 1.1337473  -0.02223502  1.4534088 ]
 [ 1.1402535  -0.02455248  1.452839  ]
 [ 1.1405599  -0.02221334  1.4536872 ]
 [ 1.141551   -0.01809942  1.4521992 ]
 [ 1.1425812 -0.0190624  1.4524345]
 [ 1.1378958  -0.01830129  1.4536439 ]
 [ 1.1421316  -0.02265425  1.4544408 ]
 [ 1.1429381  -0.02404463  1.4508611 ]
 [ 1.1432433  -0.02316843  1.4494383 ]
 [ 1.149904   -0.02641771  1.4497082 ]
 [ 1.1494291  -0.03050877  1.4530764 ]
 [ 1.1474226  -0.01905512  1.4501278 ]
 [ 1.1447854 -0.0231704  1.4498571]
 [ 1.1453974  -0.02393535  1.4509965 ]
 [ 1.149058   -0.02340128  1.4498274 ]
 [ 1.143909   -0.01810371  1.4508725 ]
 [ 1.1467932  -0.02421171  1.4488888 ]
 [ 1.134307   -0.01428249  1.449192  ]
 [ 1.1345859 -0.0114325  1.453897 ]
 [ 1.1415008  -0.01305101  1.4538816 ]
 [ 1.1380415  -0.01466565  1.4485271 ]
 [ 1.1416745  -0.01499905  1.4484485 ]
 [ 1.1431733  -0.01279335  1.4508359 ]
 [ 1.1460716  -0.01206742  1.4496566 ]
 [ 1.146432   -0.01027973  1.4468532 ]
 [ 1.1528726  -0.03406455  1.4370404 ]
 [ 1.1529516  -0.03359058  1.4396101 ]
 [ 1.1553394  -0.03597901  1.4386141 ]
 [ 1.1548021 -0.0334145  1.4355196]
 [ 1.1500154  -0.03218018  1.4412061 ]
 [ 1.1547365  -0.03463996  1.4432452 ]
 [ 1.154068   -0.02893377  1.4293951 ]
 [ 1.1558822 -0.0242817  1.4340354]
 [ 1.1526585  -0.02897063  1.4398232 ]
 [ 1.1530914  -0.02817597  1.4405304 ]
 [ 1.1530317  -0.02808232  1.4348096 ]
 [ 1.1503859  -0.03025158  1.4401277 ]
 [ 1.1552999  -0.02438039  1.4410541 ]
 [ 1.152967  -0.0266106  1.4447497]
 [ 1.1523649  -0.02635603  1.4457638 ]
 [ 1.1526052  -0.02473021  1.4462942 ]
 [ 1.1547855  -0.02510761  1.4423585 ]
 [ 1.1547374  -0.02445785  1.4465597 ]
 [ 1.1521521 -0.0242397  1.4309193]
 [ 1.1557181  -0.02208928  1.4403024 ]
 [ 1.1552465  -0.01759574  1.4374874 ]
 [ 1.1544559 -0.0203083  1.4458226]
 [ 1.1533777  -0.01833049  1.4447124 ]
 [ 1.1511527  -0.02345707  1.4428723 ]
 [ 1.1539488 -0.0327539  1.4541827]
 [ 1.1529063 -0.0311553  1.4500492]
 [ 1.156256  -0.0361979  1.4510725]
 [ 1.1548412  -0.03109168  1.4489486 ]
 [ 1.1539202  -0.02589287  1.4496506 ]
 [ 1.150491   -0.02798929  1.4523346 ]
 [ 1.1556971  -0.02210296  1.4536948 ]
 [ 1.1555791  -0.02328153  1.4539735 ]
 [ 1.1555656  -0.01478327  1.4463933 ]
 [ 1.1503038 -0.0139247  1.4460155]
 [ 1.1521974  -0.01667654  1.4467268 ]
 [ 1.1565845  -0.01673227  1.4478891 ]
 [ 1.1411664  -0.00921526  1.454403  ]
 [ 1.1483423  -0.00689788  1.4532548 ]
 [ 1.149388   -0.00651799  1.4501579 ]
 [ 1.1552446  -0.00788487  1.4517707 ]
 [ 1.1503828  -0.00739352  1.4485816 ]
 [ 1.1523234  -0.03866124  1.4416614 ]
 [ 1.1279179  -0.01849224  1.4601359 ]
 [ 1.1277784  -0.01269667  1.4543598 ]
 [ 1.1295571  -0.01237578  1.4491363 ]
 [ 1.1257689  -0.01525024  1.4585711 ]
 [ 1.1257725  -0.01237884  1.4585592 ]
 [ 1.1294639 -0.0168526  1.459144 ]
 [ 1.1330663  -0.01927339  1.4579468 ]
 [ 1.1343868  -0.01668005  1.4547061 ]
 [ 1.1423976  -0.02625646  1.4571977 ]
 [ 1.142779   -0.01207743  1.4578551 ]
 [ 1.1494272  -0.02619298  1.4556358 ]
 [ 1.1458657  -0.02078754  1.4592606 ]
 [ 1.1468961  -0.01882863  1.4560519 ]
 [ 1.1489509  -0.02243791  1.4588976 ]
 [ 1.1490839  -0.02361656  1.454874  ]
 [ 1.1439372  -0.01500944  1.4592379 ]
 [ 1.1497777  -0.01498345  1.4560566 ]
 [ 1.1519456  -0.03343588  1.4573238 ]
 [ 1.1548092 -0.0363065  1.4573646]
 [ 1.1561266  -0.03628041  1.455796  ]
 [ 1.1535981  -0.02788895  1.4553279 ]
 [ 1.151008   -0.02654032  1.4597914 ]
 [ 1.1523091  -0.03025138  1.4565917 ]
 [ 1.1540672  -0.02366359  1.458503  ]
 [ 1.1555458 -0.0207473  1.4560974]
 [ 1.1511881  -0.01884467  1.4578357 ]
 [ 1.1564612  -0.02367182  1.4593194 ]
 [ 1.1276331  -0.00951773  1.4530317 ]
 [ 1.1245055  -0.00999042  1.4535927 ]
 [ 1.1467439 -0.0064894  1.4589105]
 [ 1.1441032  -0.00853995  1.4587873 ]
 [ 1.1502917  -0.00521403  1.4564936 ]
 [ 1.1608837  -0.03795962  1.4433209 ]
 [ 1.1602949  -0.03231738  1.4300609 ]
 [ 1.1627512  -0.03397728  1.4310094 ]
 [ 1.1604306  -0.03676809  1.4298544 ]
 [ 1.1589179  -0.03527578  1.4340345 ]
 [ 1.1630027  -0.03196809  1.4308676 ]
 [ 1.1575837 -0.0340702  1.4370879]
 [ 1.1624449  -0.03482224  1.4403284 ]
 [ 1.1632395  -0.03219245  1.4371369 ]
 [ 1.1592849  -0.03637992  1.4447161 ]
 [ 1.1587847  -0.02987524  1.4294196 ]
 [ 1.1575032  -0.02796799  1.4333977 ]
 [ 1.15797    -0.02623463  1.437655  ]
 [ 1.158177   -0.02910676  1.4395126 ]
 [ 1.1568068  -0.02619795  1.4355985 ]
 [ 1.1595912  -0.03040814  1.4448317 ]
 [ 1.1620843  -0.02853531  1.4464055 ]
 [ 1.158042   -0.02643645  1.4468482 ]
 [ 1.1602671  -0.02462746  1.4431229 ]
 [ 1.1569818  -0.03044716  1.4479233 ]
 [ 1.1600597  -0.03810556  1.4511187 ]
 [ 1.1600929  -0.02576708  1.4498895 ]
 [ 1.1567676  -0.02832766  1.4512835 ]
 [ 1.1566451  -0.02817831  1.4487711 ]
 [ 1.1571052  -0.02476542  1.4494653 ]
 [ 1.1559798  -0.03361767  1.4278744 ]
 [ 1.1586601  -0.03317794  1.4248159 ]
 [ 1.161658   -0.03074564  1.42559   ]
 [ 1.1625903  -0.02981834  1.4263594 ]
 [ 1.1611464  -0.02166318  1.4245014 ]
 [ 1.1620604  -0.01953919  1.4258391 ]
 [ 1.1625271  -0.02084191  1.4215637 ]
 [ 1.1611648  -0.01803888  1.4302982 ]
 [ 1.1614372  -0.02252585  1.445009  ]
 [ 1.1601673  -0.01845775  1.4448292 ]
 [ 1.1569949  -0.02093558  1.446659  ]
 [ 1.1582125  -0.02212705  1.4416308 ]
 [ 1.1629974  -0.02344882  1.4432046 ]
 [ 1.1608508  -0.02058447  1.4513881 ]
 [ 1.1604083  -0.02260666  1.4513378 ]
 [ 1.1598732  -0.01972871  1.4529585 ]
 [ 1.1594307  -0.02262726  1.4529254 ]
 [ 1.1567273  -0.02321304  1.4507024 ]
 [ 1.158388   -0.01541571  1.4246012 ]
 [ 1.1584837  -0.01294304  1.4216157 ]
 [ 1.1583717  -0.01321337  1.4296125 ]
 [ 1.1617882  -0.01423594  1.4402702 ]
 [ 1.1589938  -0.01684998  1.445879  ]
 [ 1.1620667  -0.01520761  1.4423023 ]
 [ 1.1576219  -0.01098124  1.4528667 ]
 [ 1.1581123  -0.02729296  1.4606638 ]
 [ 1.1577379  -0.02014767  1.4598531 ]
 [ 1.1567394  -0.00599613  1.4534341 ]
 [ 1.1601173  -0.00837748  1.454967  ]
 [ 1.1265005  -0.01334509  1.4633455 ]
 [ 1.1283091  -0.01506325  1.4656248 ]
 [ 1.126375   -0.01699885  1.4656202 ]
 [ 1.1336721  -0.01891767  1.4643087 ]
 [ 1.1231866  -0.00854882  1.4593098 ]
 [ 1.1194358  -0.00642302  1.4638852 ]
 [ 1.118075   -0.00871985  1.4677291 ]
 [ 1.1228251  -0.00949744  1.4664944 ]
 [ 1.1229362  -0.00630445  1.4622164 ]
 [ 1.1334283  -0.00572186  1.4628726 ]
 [ 1.1379832 -0.0150595  1.4656707]
 [ 1.137984   -0.01699435  1.4656752 ]
 [ 1.1457255  -0.02279592  1.4657254 ]
 [ 1.1483259  -0.01891579  1.4646494 ]
 [ 1.1443079  -0.01311236  1.4640764 ]
 [ 1.1457205  -0.00925193  1.4656937 ]
 [ 1.1522061  -0.02904096  1.4628118 ]
 [ 1.1527818  -0.02271509  1.4644315 ]
 [ 1.1554456  -0.01406351  1.4625134 ]
 [ 1.1573776  -0.01792388  1.4625316 ]
 [ 1.1573765  -0.01502805  1.4625248 ]
 [ 1.1457347  -0.00265342  1.4621673 ]
 [ 1.1445378  -0.00404617  1.4649171 ]
 [ 1.1642215  -0.03160677  1.4354178 ]
 [ 1.1633456  -0.03397529  1.4453609 ]
 [ 1.1679356  -0.03292277  1.4248577 ]
 [ 1.1670985  -0.03400719  1.4325807 ]
 [ 1.1668097  -0.03362939  1.428696  ]
 [ 1.1641358  -0.03363641  1.4289402 ]
 [ 1.1690626  -0.03393561  1.4280273 ]
 [ 1.1693482  -0.03695425  1.4292605 ]
 [ 1.1635375  -0.03725476  1.43065   ]
 [ 1.1668315  -0.02980289  1.4256123 ]
 [ 1.1651744  -0.02550195  1.4230291 ]
 [ 1.1641718  -0.02477891  1.4271545 ]
 [ 1.1663311  -0.02987231  1.4294554 ]
 [ 1.1692542  -0.02790139  1.4325753 ]
 [ 1.1651567  -0.03012312  1.4319503 ]
 [ 1.1647507  -0.02449113  1.4318185 ]
 [ 1.1645858  -0.02564654  1.4340564 ]
 [ 1.1646538  -0.02694027  1.4347833 ]
 [ 1.1643291  -0.03041382  1.4448783 ]
 [ 1.1635966  -0.02965655  1.4438547 ]
 [ 1.1644802  -0.02670938  1.4526869 ]
 [ 1.168804   -0.02736108  1.4494038 ]
 [ 1.1635802  -0.02763426  1.4503263 ]
 [ 1.1662378  -0.02555996  1.4539684 ]
 [ 1.1669883  -0.01867078  1.4284735 ]
 [ 1.1643859  -0.01953326  1.4401984 ]
 [ 1.167147   -0.02158899  1.4466119 ]
 [ 1.1647533  -0.02005509  1.4458855 ]
 [ 1.1663369  -0.01878225  1.4426324 ]
 [ 1.1674483  -0.02385206  1.449257  ]
 [ 1.1653383  -0.02293894  1.4574146 ]
 [ 1.1544402 -0.0250265  1.4160148]
 [ 1.1626843  -0.02484148  1.4197541 ]
 [ 1.1676606  -0.03156105  1.4192569 ]
 [ 1.1682824  -0.02894532  1.41966   ]
 [ 1.1622257  -0.02025374  1.4177433 ]
 [ 1.1585532  -0.01927332  1.4201185 ]
 [ 1.1621983  -0.01997326  1.4207705 ]
 [ 1.1643763  -0.02391299  1.4175582 ]
 [ 1.1587691  -0.01620159  1.4187734 ]
 [ 1.1614139  -0.01237947  1.4209177 ]
 [ 1.1685981  -0.01666819  1.4171646 ]
 [ 1.1640413  -0.01526733  1.4282235 ]
 [ 1.1635796 -0.0168803  1.434005 ]
 [ 1.1657914  -0.01713021  1.4380856 ]
 [ 1.1635451 -0.0167119  1.4376562]
 [ 1.1646994  -0.01506793  1.4453169 ]
 [ 1.1650108 -0.0173052  1.4472526]
 [ 1.1683015  -0.00919235  1.4195808 ]
 [ 1.1202424  -0.01335281  1.4729314 ]
 [ 1.1208011  -0.01529088  1.4745657 ]
 [ 1.1231377  -0.01625532  1.4729728 ]
 [ 1.1280901  -0.01802676  1.4721493 ]
 [ 1.1283377  -0.01354626  1.470505  ]
 [ 1.1253885  -0.01528229  1.4697605 ]
 [ 1.126271  -0.0133524  1.4681515]
 [ 1.1242983  -0.01219537  1.4690934 ]
 [ 1.1280323 -0.0112323  1.4737737]
 [ 1.1272635  -0.00850796  1.4734348 ]
 [ 1.1291122  -0.00830436  1.4704964 ]
 [ 1.1273619  -0.00474737  1.474301  ]
 [ 1.1331885  -0.01915744  1.4714688 ]
 [ 1.1356937  -0.02110213  1.4731194 ]
 [ 1.1330128  -0.01347572  1.4699839 ]
 [ 1.1348428  -0.01317532  1.4738086 ]
 [ 1.1314187  -0.00598403  1.4700034 ]
 [ 1.1393311  -0.02090979  1.4697585 ]
 [ 1.1370447  -0.02302317  1.4715239 ]
 [ 1.1403404  -0.01798428  1.4681267 ]
 [ 1.1395237  -0.01314048  1.4683841 ]
 [ 1.1137607  -0.00277493  1.462375  ]
 [1.1106126e+00 1.0095257e-04 1.4615335e+00]
 [ 1.1188333  -0.00373641  1.4632281 ]
 [ 1.1226728  -0.00374101  1.4632668 ]
 [ 1.1119606  -0.01334032  1.4712309 ]
 [ 1.1163771  -0.01212081  1.4682083 ]
 [ 1.1148622  -0.00851742  1.4712399 ]
 [ 1.1131623  -0.00659177  1.4690652 ]
 [1.1111488  0.00213431 1.4743958 ]
 [ 1.1327864  -0.00406656  1.466592  ]
 [ 1.1368772  -0.00733068  1.4705309 ]
 [ 1.1385143  -0.01064058  1.4729189 ]
 [ 1.1466899  -0.01902219  1.4688646 ]
 [ 1.1437331 -0.0213738  1.4681507]
 [ 1.1439285  -0.01313527  1.4679704 ]
 [ 1.1435997  -0.01122626  1.4738475 ]
 [ 1.1465846  -0.00926825  1.4705814 ]
 [ 1.1442449  -0.00553842  1.4683111 ]
 [ 1.1740234  -0.03525247  1.4291331 ]
 [ 1.1736405  -0.02472222  1.4295386 ]
 [ 1.1750135  -0.03391821  1.4265695 ]
 [ 1.1731857  -0.02745604  1.4154273 ]
 [ 1.1703632 -0.0249815  1.4173981]
 [ 1.174085   -0.02688312  1.4221629 ]
 [ 1.172959   -0.02973165  1.4218159 ]
 [ 1.176286   -0.03015856  1.425052  ]
 [ 1.1704516  -0.02357268  1.4262855 ]
 [ 1.1745162  -0.02310908  1.4317714 ]
 [ 1.1715045  -0.02400497  1.4311931 ]
 [ 1.1712506  -0.01955615  1.4384693 ]
 [ 1.1746745  -0.02366062  1.4357973 ]
 [ 1.1711451  -0.01831586  1.4356893 ]
 [ 1.1717216  -0.01872102  1.4438961 ]
 [ 1.1756471  -0.01817202  1.4432093 ]
 [ 1.1707227  -0.01827318  1.4485382 ]
 [ 1.1728878  -0.01609131  1.427876  ]
 [ 1.172353   -0.01668733  1.432436  ]
 [ 1.1747342 -0.0173406  1.4370586]
 [ 1.1618085  -0.02087267  1.4109575 ]
 [ 1.1580265  -0.01926843  1.4090456 ]
 [ 1.1584681  -0.01854782  1.4131941 ]
 [ 1.1622583  -0.02058843  1.4141237 ]
 [ 1.1656291  -0.02435747  1.4107311 ]
 [ 1.1659606  -0.02104357  1.4083246 ]
 [ 1.1639706  -0.02100603  1.4138641 ]
 [ 1.1741225  -0.02232841  1.4099367 ]
 [ 1.1702237  -0.02265643  1.4092232 ]
 [ 1.1585644  -0.01691998  1.4087149 ]
 [ 1.1614248  -0.01758762  1.4095026 ]
 [ 1.1714606  -0.01216937  1.418057  ]
 [ 1.1705647  -0.01525721  1.4179814 ]
 [ 1.1709014 -0.0125327  1.415959 ]
 [ 1.1761755  -0.01328514  1.4200097 ]
 [ 1.1741524  -0.01019205  1.4105811 ]
 [ 1.176134   -0.00595329  1.4258851 ]
 [ 1.1151047  -0.00735969  1.4802934 ]
 [ 1.1194265  -0.01529395  1.4761761 ]
 [ 1.1220075  -0.00735356  1.4786726 ]
 [ 1.1201848  -0.00929526  1.4753726 ]
 [ 1.1258621  -0.01724039  1.476656  ]
 [ 1.1259111  -0.00539982  1.4786866 ]
 [ 1.1235074  -0.00812457  1.4750571 ]
 [ 1.1310456  -0.01724489  1.4763012 ]
 [ 1.1464858  -0.02292005  1.4755291 ]
 [ 1.1464458  -0.00929069  1.4771432 ]
 [ 1.1058161  -0.00734273  1.4703838 ]
 [ 1.1067212  -0.00753849  1.472771  ]
 [ 1.1056561  -0.00832245  1.4736589 ]
 [ 1.108434  -0.0075486  1.4692892]
 [ 1.1039888  -0.00626136  1.4684354 ]
 [ 1.1081507e+00 -8.6619984e-04  1.4599205e+00]
 [1.1079096e+00 1.3814252e-03 1.4671139e+00]
 [ 1.1095787 -0.0027679  1.462732 ]
 [1.1075586  0.00148463 1.4732819 ]
 [ 1.1079173e+00 -1.4503207e-03  1.4681863e+00]
 [1.1046981e+00 8.5215550e-04 1.4743361e+00]
 [ 1.1038791  -0.00291791  1.4688485 ]
 [ 1.1093543  -0.01140542  1.4663668 ]
 [ 1.1054937  -0.00540649  1.4769399 ]
 [ 1.1075222  -0.00540446  1.4753035 ]
 [ 1.10988    -0.01043865  1.4793192 ]
 [ 1.1087896  -0.00296516  1.4794264 ]
 [ 1.1138153  -0.00150474  1.4761473 ]
 [ 1.1131732  -0.00345191  1.4797238 ]
 [1.1111928e+00 4.5648217e-04 1.4802566e+00]
 [ 1.1162862  -0.00150535  1.475336  ]
 [1.1074082  0.00410734 1.4776019 ]
 [1.1123157  0.00288382 1.4769529 ]
 [ 1.1779484 -0.0329553  1.4245788]
 [ 1.1787519  -0.03579305  1.426615  ]
 [ 1.1769485  -0.03011855  1.4220394 ]
 [ 1.1785917 -0.0237271  1.4283067]
 [ 1.1788199 -0.0329387  1.4194641]
 [ 1.1825988  -0.03374492  1.4153658 ]
 [ 1.1813159  -0.03149438  1.4202089 ]
 [ 1.1814175  -0.03181089  1.4101429 ]
 [ 1.1830769  -0.03301465  1.4081944 ]
 [ 1.1813734  -0.03094979  1.4145956 ]
 [ 1.178859   -0.01314521  1.4166486 ]
 [ 1.1788272  -0.01310631  1.4242376 ]
 [ 1.179806   -0.01237483  1.4284676 ]
 [ 1.1787899  -0.01262566  1.4364982 ]
 [ 1.1823088  -0.00654506  1.4188566 ]
 [ 1.1817888  -0.01059017  1.436609  ]
 [ 1.1547298  -0.01849735  1.4056352 ]
 [ 1.174431   -0.02201178  1.4014452 ]
 [ 1.1817276  -0.02134098  1.4030497 ]
 [ 1.1803815  -0.02353627  1.4044861 ]
 [ 1.1816119  -0.01443918  1.4045757 ]
 [ 1.182891   -0.00912214  1.4092387 ]
 [ 1.1810775  -0.00689426  1.4040307 ]
 [ 1.1097258  -0.00945898  1.4875261 ]
 [ 1.1062509  -0.00173345  1.4864726 ]
 [1.106355   0.00229791 1.4849359 ]
 [ 1.1111195  -0.01141245  1.4858984 ]
 [ 1.1099908  -0.00737206  1.4852521 ]
 [ 1.1267161  -0.00540328  1.4836621 ]
 [ 1.1023178  -0.00560654  1.4711015 ]
 [ 1.1029736  -0.00655771  1.475974  ]
 [ 1.1028633  -0.00173578  1.4727079 ]
 [1.1012340e+00 5.7950150e-04 1.4773381e+00]
 [ 1.0998628e+00 -9.0031791e-04  1.4811413e+00]
 [ 1.1020099  -0.00268255  1.4759481 ]
 [1.1015908  0.00239215 1.4769032 ]
 [1.0977515  0.00753307 1.4697669 ]
 [1.0978478  0.00310752 1.4740063 ]
 [1.103001   0.00627554 1.4747086 ]
 [ 1.1032078  -0.00653796  1.4825097 ]
 [ 1.1002944  -0.00264314  1.4824641 ]
 [1.1032224  0.00513602 1.482461  ]
 [1.1062258  0.00306872 1.4818844 ]
 [1.1037283  0.00262623 1.4849359 ]
 [1.1109673 0.003414  1.4852315]
 [ 1.1869581  -0.03551451  1.4102141 ]
 [ 1.183732   -0.02857835  1.4101543 ]
 [ 1.1874471  -0.03451631  1.4057865 ]
 [ 1.1849957  -0.03220465  1.4053847 ]
 [ 1.1869968  -0.02622402  1.4057473 ]
 [ 1.1850057  -0.02652091  1.4049934 ]
 [ 1.1847702  -0.02112668  1.4085286 ]
 [ 1.1889991  -0.00734403  1.4127625 ]
 [ 1.1852357  -0.00999192  1.4091396 ]
 [ 1.1840121  -0.00453275  1.4138615 ]
 [ 1.1864005  -0.00536026  1.4199638 ]
 [ 1.1896214  -0.01003902  1.4153737 ]
 [ 1.1848185  -0.00865907  1.4213915 ]
 [ 1.1870259  -0.00156986  1.4231083 ]
 [ 1.1720427  -0.02691698  1.3960035 ]
 [ 1.1749203  -0.02784805  1.3999521 ]
 [ 1.176257  -0.0256647  1.3985194]
 [ 1.1822581  -0.02560682  1.3978509 ]
 [ 1.1824105  -0.01123075  1.3957373 ]
 [ 1.1860185  -0.02798346  1.3989131 ]
 [ 1.1863922  -0.01911124  1.3987107 ]
 [ 1.1878484 -0.0192364  1.3980124]
 [ 1.1858449  -0.02182197  1.401153  ]
 [ 1.1839265  -0.02339476  1.39573   ]
 [ 1.1840868  -0.02280092  1.3949116 ]
 [ 1.1862551  -0.01418972  1.4002423 ]
 [ 1.1848738 -0.0128869  1.400201 ]
 [ 1.1865022  -0.01626413  1.3952756 ]
 [ 1.1846192 -0.0114691  1.3972499]
 [ 1.1864624  -0.01704341  1.4061848 ]
 [ 1.1845549  -0.01674062  1.4041659 ]
 [ 1.1752701  -0.00824833  1.395643  ]
 [ 1.1791327 -0.0074844  1.3972034]
 [ 1.1796955 -0.0052331  1.3957394]
 [ 1.1869314  -0.00472191  1.3988509 ]
 [ 1.1840409  -0.00466744  1.3988032 ]
 [ 1.1851438  -0.00836363  1.4065441 ]
 [ 1.1837651  -0.00712752  1.4031804 ]
 [ 1.1888599  -0.00469115  1.406387  ]
 [ 1.1886208  -0.01090594  1.4063014 ]
 [ 1.1870872e+00 -5.6952378e-04  1.3988913e+00]
 [ 1.1841903e+00 -5.1504141e-04  1.3988438e+00]
 [ 1.1883471  -0.00302576  1.3967959 ]
 [ 1.1840885  -0.00343794  1.3973196 ]
 [ 1.1088543  -0.00443127  1.4885805 ]
 [1.1121032  0.00230575 1.4899981 ]
 [1.1147473  0.00441561 1.4885877 ]
 [ 1.1217461e+00 -1.1558066e-03  1.4929676e+00]
 [ 1.1176083  -0.00165128  1.4933922 ]
 [1.121709   0.00197981 1.4922596 ]
 [1.1179477  0.00211258 1.4930522 ]
 [ 1.1283448 -0.0113267  1.4937285]
 [ 1.1270064  -0.00540759  1.4895068 ]
 [ 1.1237161  -0.00629343  1.4894094 ]
 [ 1.1243998  -0.00935609  1.4937052 ]
 [ 1.1269279e+00 -6.5920816e-04  1.4899981e+00]
 [ 1.1252418e+00 -6.5995817e-04  1.4916933e+00]
 [1.1269279e+00 1.3174281e-03 1.4899981e+00]
 [1.1252418e+00 1.3189269e-03 1.4916933e+00]
 [ 1.1328578  -0.00757744  1.4899981 ]
 [ 1.0930067  -0.00151749  1.4735831 ]
 [1.0958722  0.00221153 1.4807606 ]
 [1.0932052  0.00367115 1.4734634 ]
 [1.0932857  0.00816917 1.4686565 ]
 [1.0960453  0.00338224 1.4801779 ]
 [1.1176956  0.00441675 1.4886017 ]
 [ 1.1927108  -0.02033479  1.4017717 ]
 [ 1.1922653  -0.01910538  1.4076875 ]
 [ 1.190369   -0.01845634  1.4106321 ]
 [ 1.1837981  -0.04359532  1.4002926 ]
 [ 1.1873279  -0.03487622  1.3999258 ]
 [ 1.1892084  -0.03346919  1.3978353 ]
 [ 1.1901927  -0.02552477  1.3972191 ]
 [ 1.1914039  -0.02017779  1.3983154 ]
 [ 1.1957223  -0.01205362  1.404097  ]
 [ 1.1936538  -0.01630018  1.4018118 ]
 [ 1.1951994  -0.01733632  1.4055301 ]
 [ 1.1945866  -0.01628068  1.4167004 ]
 [ 1.1905086  -0.00577685  1.4045208 ]
 [ 1.1921786  -0.00657445  1.4124506 ]
 [ 1.1927764  -0.00368894  1.4102383 ]
 [ 1.1744328  -0.02641377  1.3897272 ]
 [ 1.1731709  -0.02718509  1.3882536 ]
 [ 1.1718004  -0.02936824  1.3933179 ]
 [ 1.1797992  -0.02491939  1.392733  ]
 [ 1.1794786  -0.02455649  1.3890439 ]
 [ 1.1872917  -0.03194346  1.3920164 ]
 [ 1.1866683  -0.01832075  1.3909539 ]
 [ 1.1851245  -0.01909966  1.3937529 ]
 [ 1.1889881  -0.02186527  1.3939533 ]
 [ 1.1840621  -0.02422529  1.3897097 ]
 [ 1.1838788  -0.00873349  1.390568  ]
 [ 1.1905144  -0.01543449  1.3995488 ]
 [ 1.193193   -0.01161277  1.4010911 ]
 [ 1.1925211  -0.00957764  1.3996457 ]
 [ 1.1180325  -0.00314279  1.4959484 ]
 [ 1.1271095  -0.00264788  1.4968017 ]
 [ 1.1234896 -0.0036392  1.4959483]
 [ 1.1781027  -0.02720968  1.3832444 ]
 [ 1.1798096  -0.02610927  1.386915  ]
 [ 1.1767794  -0.02445312  1.3868603 ]
pts_ids list 515
 [130202, 72738, 130204, 130318, 130367, 258127, 308080, 307982, 130365, 72849, 72852, 72658, 258396, 258434, 258805, 72806, 308030, 308243, 130316, 130205, 130319, 130366, 72850, 72923, 130467, 72885, 130411, 130412, 72886, 130368, 130783, 130203, 258233, 258234, 130037, 308636, 259477, 308637, 130724, 308550, 308640, 259605, 259369, 72921, 259271, 308548, 308355, 308350, 72958, 308351, 308464, 130410, 308354, 308642, 259573, 308318, 130725, 259370, 259273, 73180, 307721, 258395, 307837, 307642, 130086, 307981, 257857, 258012, 130151, 258435, 258077, 130135, 258436, 308081, 258969, 308164, 130244, 259050, 257947, 72739, 72853, 130468, 130492, 72807, 308635, 130243, 308463, 308316, 72883, 130364, 308638, 259572, 130673, 73095, 73044, 130592, 259607, 73362, 73310, 73311, 73256, 258571, 259836, 308773, 308356, 308986, 308988, 308987, 308949, 308772, 308888, 131055, 72986, 259752, 259678, 73161, 259606, 259755, 259680, 308886, 308887, 308839, 72920, 130590, 130409, 259737, 259679, 259712, 259753, 308551, 308641, 131221, 131182, 73512, 307980, 129807, 307299, 307223, 307484, 129834, 307722, 258433, 307723, 258804, 257858, 72458, 72587, 258397, 258128, 308078, 308165, 130317, 130292, 308242, 308462, 72884, 72848, 308317, 308352, 257738, 257520, 257629, 257665, 72407, 130090, 129935, 72659, 258806, 130493, 72922, 130320, 130321, 73043, 259402, 73094, 259478, 72959, 72589, 72590, 72742, 72960, 130542, 72987, 73257, 130591, 259754, 73407, 73363, 309224, 260119, 260116, 260063, 309067, 309225, 309323, 309307, 309200, 131360, 260120, 260117, 260118, 260064, 259969, 260121, 130589, 73202, 259911, 259910, 259912, 131440, 131495, 129969, 258968, 257521, 307374, 257817, 257816, 306967, 307047, 307298, 257630, 129835, 129970, 257859, 130038, 129934, 130088, 130136, 130087, 308079, 258680, 308549, 259272, 308353, 308639, 72588, 72851, 259051, 130469, 130413, 259211, 308889, 72233, 129736, 256993, 257078, 72344, 72371, 72372, 129696, 72459, 72591, 72408, 130206, 72740, 130369, 72887, 130593, 130543, 72662, 309516, 309660, 309517, 260588, 260454, 309396, 309335, 309399, 260687, 260692, 260457, 260789, 309461, 309515, 260382, 260688, 260383, 260381, 309459, 260193, 260278, 309202, 309144, 309226, 309227, 309460, 309337, 309463, 309398, 309662, 131546, 260458, 260589, 260277, 260194, 260195, 260689, 260455, 131547, 307048, 130039, 306883, 129427, 129608, 129735, 257330, 306782, 129971, 130137, 130089, 72808, 130182, 72741, 72924, 72925, 73045, 72660, 72695, 72854, 72235, 72234, 72319, 72304, 129428, 129505, 129697, 129506, 129429, 72275, 72276, 72537, 72460, 72488, 72538, 72409, 72888, 261081, 309730, 260985, 260845, 309731, 260986, 260788, 309732, 260844, 260923, 260456, 309518, 260691, 309397, 309336, 309095, 260196, 309201, 309609, 309338, 309661, 309400, 309306, 260924, 260846, 309962, 261050, 260925, 261051, 261083, 260847, 309810, 260927, 306708, 306884, 306556, 130040, 306372, 306270, 306457, 305868, 305686, 306169, 72489, 72661, 72743, 72926, 72696, 72988, 72194, 129251, 129322, 129250, 129609, 72410, 72373, 310355, 261249, 210323, 310298, 261195, 261160, 309462, 309733, 309519, 309809, 310063, 309734, 260926, 260384, 260790, 260791, 310149, 310150, 310151, 261136, 210322, 261196, 305869, 305872, 305342, 305341, 305344, 305343, 129507, 72540, 129973, 72663, 72744, 72539, 72697, 72927, 129062, 129121, 129133, 255353, 129431, 304652, 72055, 129253, 129252, 129134, 254922, 72196, 129552, 72056, 129508, 72236, 72195, 72237, 72277, 72305, 72347, 72346, 129936, 129878, 72490, 72345, 72414, 72413, 72349, 72348, 261308, 210548, 261309, 210757, 210791, 210758, 210792, 261529, 261349, 261348, 261528, 210542, 210666, 210549, 210669, 210543, 260690, 310062, 260694, 260279, 261082, 261310, 129323, 129550, 129698, 304764, 304765, 304514, 304409, 129220, 129737, 129430, 129551, 129972, 72411, 72541, 72592, 128968, 128872, 128967, 129063, 254307, 254685, 71852, 71888, 254774, 303772, 129375, 129432, 129610, 72278, 210863, 210921, 210864, 253887, 128873, 128928]
End_PTSFORFIT
End_CYLINDER
