Begin_CYLINDER
axis_vec ndarray 3 0
 [0 1 0]
err 1000000.0
fit_radius_2d_err 1000000.0
height 1
height_distributon_err 1000000.0
optimize_ang_err 1000000.0
percentage_in_err 1000000.0
percentage_out_err 1000000.0
radius 0.1
radius_err 1000000.0
x_vec ndarray 3 0
 [1 0 0]
y_vec ndarray 3 0
 [0 0 1]
Begin_PTSFORFIT
id 259144
pca_err 1000000.0
pca_vals list 3
 [1, 1, 1]
pca_vecs ndarray 3 3
 [1. 0. 0.]
 [0. 1. 0.]
 [0. 0. 1.]
pt_center ndarray 3 0
 [0 0 0]
pts ndarray 953 3
 [-0.52140051  0.45675507  1.4367023 ]
 [-0.51990229  0.46229464  1.4390672 ]
 [-0.52372241  0.45464727  1.439067  ]
 [-0.52539814  0.46891975  1.4330037 ]
 [-0.5201298  0.4549889  1.4312094]
 [-0.52298027  0.45213628  1.4312025 ]
 [-0.51860601  0.46067333  1.4327713 ]
 [-0.51800942  0.45809653  1.4280868 ]
 [-0.52140689  0.467897    1.4298782 ]
 [-0.51674795  0.46766457  1.4280112 ]
 [-0.52185947  0.46655446  1.4374663 ]
 [-0.51759005  0.46664771  1.4377176 ]
 [-0.51355749  0.45479277  1.4424624 ]
 [-0.51124954  0.4552936   1.444051  ]
 [-0.51097405  0.45651573  1.4298782 ]
 [-0.51074809  0.45801413  1.4345715 ]
 [-0.51399958  0.46004772  1.4374551 ]
 [-0.51476783  0.46600011  1.4298782 ]
 [-0.51189578  0.4658474   1.4337876 ]
 [-0.51661563  0.46452093  1.4322492 ]
 [-0.51573038  0.46578142  1.4351317 ]
 [-0.53337014  0.44408384  1.4343114 ]
 [-0.5334698   0.45922902  1.4295719 ]
 [-0.5308913   0.46125793  1.4298782 ]
 [-0.53628922  0.45688421  1.4311301 ]
 [-0.53621829  0.45606464  1.4314393 ]
 [-0.53334522  0.46126482  1.4358462 ]
 [-0.52681953  0.44878739  1.4296278 ]
 [-0.52917188  0.44269547  1.4327633 ]
 [-0.53456831  0.45670873  1.4218013 ]
 [-0.53471744  0.46611184  1.4389881 ]
 [-0.53439492  0.47494408  1.4310952 ]
 [-0.53528631  0.47313717  1.4342344 ]
 [-0.53242743  0.47028053  1.4342546 ]
 [-0.53594834  0.46912488  1.4326694 ]
 [-0.53089619  0.47041413  1.4389961 ]
 [-0.53177208  0.47571284  1.4352949 ]
 [-0.52977753  0.45798743  1.4256034 ]
 [-0.52504438  0.45582429  1.4249469 ]
 [-0.52974343  0.4620088   1.4264644 ]
 [-0.52817762  0.46499673  1.4259468 ]
 [-0.52433616  0.46303195  1.4236681 ]
 [-0.52798396  0.47536275  1.4342638 ]
 [-0.52654904  0.47423363  1.4361428 ]
 [-0.52845424  0.46994698  1.4361428 ]
 [-0.51952261  0.46347302  1.422124  ]
 [-0.51844007  0.46469173  1.4278036 ]
 [-0.52216834  0.47053793  1.4264821 ]
 [-0.52140689  0.47358766  1.4298782 ]
 [-0.52226186  0.47151378  1.4322214 ]
 [-0.51765215  0.47306806  1.4326127 ]
 [-0.52009165  0.47547466  1.4327296 ]
 [-0.51736522  0.47512406  1.4283221 ]
 [-0.52086306  0.47567457  1.4390314 ]
 [-0.52314818  0.4463613   1.4249779 ]
 [-0.5216648   0.45278734  1.4273031 ]
 [-0.52155232  0.45556843  1.4271028 ]
 [-0.51458454  0.45475161  1.4223819 ]
 [-0.51638502  0.47442719  1.4296173 ]
 [-0.52551931  0.47055009  1.4437873 ]
 [-0.52264303  0.47151011  1.4437987 ]
 [-0.50914663  0.45723674  1.438112  ]
 [-0.50701874  0.4596312   1.4456432 ]
 [-0.50882745  0.4576802   1.4435215 ]
 [-0.50920194  0.45962033  1.452392  ]
 [-0.5034858   0.46166718  1.4520469 ]
 [-0.50733823  0.45804629  1.4267699 ]
 [-0.50914633  0.46017149  1.422124  ]
 [-0.5088653   0.46135023  1.4334396 ]
 [-0.50755882  0.4661935   1.4363178 ]
 [-0.50383782  0.4690693   1.4392956 ]
 [-0.507478    0.46305305  1.4428605 ]
 [-0.50616974  0.46656978  1.4414058 ]
 [-0.50733864  0.47414735  1.4330045 ]
 [-0.50760162  0.47442684  1.4282169 ]
 [-0.50711614  0.47261423  1.4361428 ]
 [-0.53920883  0.43926746  1.4264727 ]
 [-0.53985602  0.43642026  1.4254411 ]
 [-0.54008508  0.44072348  1.4311482 ]
 [-0.54009008  0.45403063  1.4311171 ]
 [-0.5426293   0.45412362  1.4283206 ]
 [-0.53093517  0.43575877  1.4367061 ]
 [-0.53257501  0.45362943  1.4267664 ]
 [-0.53272879  0.45026687  1.422124  ]
 [-0.53199613  0.44935498  1.4252156 ]
 [-0.52550513  0.43792927  1.429855  ]
 [-0.5278033  0.4407047  1.4280809]
 [-0.52761436  0.43742615  1.4359291 ]
 [-0.54015464  0.45585641  1.4269487 ]
 [-0.53730315  0.4560245   1.4274809 ]
 [-0.54140449  0.45935208  1.4279729 ]
 [-0.543221    0.46030948  1.4298782 ]
 [-0.54191512  0.45574817  1.4314393 ]
 [-0.54310089  0.46182036  1.4345715 ]
 [-0.5380342   0.46088803  1.4405698 ]
 [-0.53719586  0.46735868  1.434049  ]
 [-0.5404774   0.46664771  1.4377176 ]
 [-0.54000056  0.46330994  1.4377176 ]
 [-0.54309672  0.46781814  1.4472388 ]
 [-0.52306157  0.44165495  1.4281012 ]
 [-0.54075897  0.45020029  1.4159809 ]
 [-0.54220253  0.45229176  1.4205832 ]
 [-0.53977382  0.45551306  1.4210074 ]
 [-0.53936529  0.46085557  1.4171466 ]
 [-0.53648269  0.45149079  1.4202603 ]
 [-0.52767819  0.45177877  1.4170026 ]
 [-0.52649796  0.45543268  1.4205832 ]
 [-0.52520692  0.46136567  1.4187499 ]
 [-0.52621537  0.46178031  1.416185  ]
 [-0.52461338  0.45731723  1.4205832 ]
 [-0.52561164  0.45642951  1.4151776 ]
 [-0.53680432  0.47082078  1.4330037 ]
 [-0.54090959  0.47428191  1.4405248 ]
 [-0.53754711  0.47454706  1.4413344 ]
 [-0.53269327  0.47010136  1.4424624 ]
 [-0.53057039  0.47592998  1.4321564 ]
 [-0.52518243  0.47856578  1.422124  ]
 [-0.52595043  0.48202074  1.4267664 ]
 [-0.52299452  0.45188048  1.4161997 ]
 [-0.51971811  0.46008939  1.4175117 ]
 [-0.52241427  0.45774737  1.4180231 ]
 [-0.52216309  0.46058732  1.4190458 ]
 [-0.52159858  0.47325271  1.4175117 ]
 [-0.51718825  0.47600198  1.4343135 ]
 [-0.5144608   0.45818371  1.4159809 ]
 [-0.51516771  0.45744285  1.4196212 ]
 [-0.51141083  0.4604688   1.4159691 ]
 [-0.51008153  0.46522224  1.4212252 ]
 [-0.51556504  0.47447956  1.4168228 ]
 [-0.52084428  0.47993183  1.4205832 ]
 [-0.51764905  0.47655013  1.4177309 ]
 [-0.52260244  0.47610351  1.4185344 ]
 [-0.51801747  0.47663388  1.4205832 ]
 [-0.51651555  0.48129493  1.4190458 ]
 [-0.5136475   0.47823524  1.4267664 ]
 [-0.51554024  0.48202074  1.4267664 ]
 [-0.51309878  0.4768714   1.434049  ]
 [-0.51018989  0.48032591  1.4330037 ]
 [-0.51637399  0.47805396  1.4364578 ]
 [-0.51027501  0.47765973  1.4411916 ]
 [-0.52760983  0.44738263  1.4159809 ]
 [-0.51801747  0.43847173  1.4205832 ]
 [-0.51797754  0.4479875   1.417896  ]
 [-0.52211535  0.4475033   1.4163636 ]
 [-0.51539999  0.43892962  1.4159809 ]
 [-0.51519066  0.44129854  1.4205832 ]
 [-0.51078236  0.44217917  1.4182255 ]
 [-0.51292497  0.44698614  1.4183506 ]
 [-0.51435488  0.44810915  1.4182787 ]
 [-0.51187259  0.44489908  1.4149774 ]
 [-0.51230836  0.45214915  1.418378  ]
 [-0.51595777  0.45350721  1.4175134 ]
 [-0.51031572  0.45068699  1.4175117 ]
 [-0.5160051   0.45245507  1.4210968 ]
 [-0.50735778  0.44680539  1.417129  ]
 [-0.50570208  0.4468351   1.4184753 ]
 [-0.50842071  0.44848305  1.4184816 ]
 [-0.50976467  0.44456497  1.4159809 ]
 [-0.50789398  0.44297606  1.4211544 ]
 [-0.50496584  0.44454738  1.4231668 ]
 [-0.50400424  0.45124459  1.4210372 ]
 [-0.50882202  0.45591295  1.4174547 ]
 [-0.50689119  0.47714707  1.4272846 ]
 [-0.5059616   0.47791752  1.4371926 ]
 [-0.53335303  0.47382551  1.4517561 ]
 [-0.53595227  0.47168908  1.4501389 ]
 [-0.52531588  0.4683648   1.4518069 ]
 [-0.51374882  0.47704718  1.4518415 ]
 [-0.51659155  0.47854626  1.4534378 ]
 [-0.49738482  0.45495325  1.4303949 ]
 [-0.49919286  0.44959253  1.4388185 ]
 [-0.50248253  0.45822716  1.4285059 ]
 [-0.4998987  0.4601385  1.4472388]
 [-0.49699193  0.46196374  1.4421461 ]
 [-0.49922797  0.46468234  1.4307408 ]
 [-0.50094575  0.4657042   1.4456432 ]
 [-0.50154197  0.46276259  1.4464409 ]
 [-0.50335145  0.46755028  1.4424635 ]
 [-0.50779313  0.46598992  1.4515127 ]
 [-0.50348479  0.46808997  1.4520479 ]
 [-0.50003666  0.45888758  1.4538157 ]
 [-0.49839479  0.46815068  1.4512438 ]
 [-0.51636779  0.45791677  1.4585077 ]
 [-0.50822616  0.4613322   1.4601318 ]
 [-0.5031774   0.46063742  1.455806  ]
 [-0.49803379  0.46709377  1.4584144 ]
 [-0.5008713   0.46713412  1.4600286 ]
 [-0.50100768  0.46801877  1.456774  ]
 [-0.49713805  0.46802029  1.4567924 ]
 [-0.49688113  0.46655312  1.4552701 ]
 [-0.50694698  0.46522784  1.4159809 ]
 [-0.50731844  0.46733719  1.4209684 ]
 [-0.5079816   0.46295482  1.420897  ]
 [-0.50434256  0.46287933  1.4209591 ]
 [-0.50106537  0.45142159  1.4149063 ]
 [-0.50220525  0.45208654  1.4259336 ]
 [-0.50237405  0.45590815  1.4174103 ]
 [-0.49894044  0.45798993  1.4228002 ]
 [-0.49878374  0.47272182  1.4330037 ]
 [-0.50296795  0.47173345  1.4377187 ]
 [-0.50099391  0.47404349  1.4467081 ]
 [-0.50541204  0.47418806  1.4520469 ]
 [-0.49963319  0.47322491  1.4520469 ]
 [-0.50044012  0.47468784  1.4531335 ]
 [-0.50267053  0.47653055  1.4373238 ]
 [-0.50927991  0.48009008  1.4422498 ]
 [-0.50832081  0.47673798  1.4422622 ]
 [-0.50071329  0.4782818   1.444051  ]
 [-0.50030649  0.47593245  1.4456432 ]
 [-0.49885663  0.47790703  1.4475594 ]
 [-0.4977951   0.48108068  1.4467069 ]
 [-0.50164092  0.4822827   1.4434164 ]
 [-0.54578632  0.43596876  1.4311323 ]
 [-0.54114664  0.43262896  1.4233739 ]
 [-0.53915578  0.43074259  1.4296114 ]
 [-0.53725767  0.43264228  1.429616  ]
 [-0.5428707  0.448351   1.4190458]
 [-0.536421    0.43546683  1.4233897 ]
 [-0.53042752  0.44644341  1.4159809 ]
 [-0.54593557  0.45309627  1.4221257 ]
 [-0.54500401  0.45991725  1.4345715 ]
 [-0.52959204  0.43550587  1.432778  ]
 [-0.52446198  0.42944384  1.4408773 ]
 [-0.52427894  0.43086427  1.4456432 ]
 [-0.52471983  0.4295975   1.4424629 ]
 [-0.52692932  0.43500334  1.4249866 ]
 [-0.51687062  0.43139338  1.4252156 ]
 [-0.52140462  0.43231666  1.4377176 ]
 [-0.54685986  0.45431668  1.4202045 ]
 [-0.54534346  0.44977903  1.4205832 ]
 [-0.54579812  0.46733561  1.4310589 ]
 [-0.5457629   0.46837017  1.4341959 ]
 [-0.54957306  0.46789241  1.4341789 ]
 [-0.54608893  0.46148977  1.4424641 ]
 [-0.54345685  0.4596312   1.4456432 ]
 [-0.54537463  0.4625079   1.4456432 ]
 [-0.54361713  0.46350852  1.4477719 ]
 [-0.54769987  0.4692359   1.4310455 ]
 [-0.53771925  0.44641846  1.4129293 ]
 [-0.53058702  0.44687408  1.4114083 ]
 [-0.53625822  0.44898793  1.4095514 ]
 [-0.53099293  0.45559859  1.4126061 ]
 [-0.53568459  0.45747322  1.4125794 ]
 [-0.52459848  0.44735566  1.4129293 ]
 [-0.52828354  0.44476226  1.4080815 ]
 [-0.52975857  0.44404578  1.4083763 ]
 [-0.52661926  0.45740029  1.4115702 ]
 [-0.51759952  0.44876614  1.4134374 ]
 [-0.5204733  0.4515911  1.4144535]
 [-0.51672977  0.45265445  1.4119153 ]
 [-0.51697403  0.45751736  1.4134374 ]
 [-0.54846036  0.47799793  1.4516747 ]
 [-0.54988813  0.48169994  1.4540812 ]
 [-0.54074645  0.47703671  1.4517136 ]
 [-0.53532004  0.48498425  1.4326352 ]
 [-0.53173488  0.48349428  1.4330038 ]
 [-0.53108901  0.48323333  1.4303092 ]
 [-0.53624284  0.48361534  1.4342054 ]
 [-0.53236926  0.48850811  1.4373652 ]
 [-0.53121746  0.4859266   1.4354059 ]
 [-0.51707834  0.48403385  1.4311564 ]
 [-0.52273375  0.48444065  1.4283206 ]
 [-0.51054043  0.44501269  1.4129293 ]
 [-0.51663023  0.44615376  1.4135121 ]
 [-0.51248342  0.44847342  1.4146082 ]
 [-0.51428926  0.45485327  1.4129293 ]
 [-0.51308376  0.45748022  1.4129856 ]
 [-0.51428926  0.45672765  1.4129293 ]
 [-0.51991022  0.48332077  1.439018  ]
 [-0.51759005  0.48381323  1.4377176 ]
 [-0.51702756  0.48605025  1.4395537 ]
 [-0.51586032  0.48296508  1.4408773 ]
 [-0.50464737  0.44988695  1.4141604 ]
 [-0.50780725  0.48480946  1.4375601 ]
 [-0.50479251  0.48434427  1.4392956 ]
 [-0.50551248  0.48386347  1.4406701 ]
 [-0.52044332  0.48839813  1.4456432 ]
 [-0.51525801  0.48701724  1.4472388 ]
 [-0.51018208  0.48366094  1.4438293 ]
 [-0.50590318  0.4834964   1.4424624 ]
 [-0.50910628  0.4831394   1.4470304 ]
 [-0.52824402  0.43682063  1.4096178 ]
 [-0.5169754   0.44051862  1.4086095 ]
 [-0.52586222  0.42980003  1.4111664 ]
 [-0.52813268  0.43167725  1.4142029 ]
 [-0.52497566  0.43387333  1.4152344 ]
 [-0.52994299  0.43450412  1.4172528 ]
 [-0.52610046  0.43545884  1.420347  ]
 [-0.52253962  0.43027028  1.4127053 ]
 [-0.52159858  0.43188223  1.4175117 ]
 [-0.51353157  0.43947875  1.41241   ]
 [-0.51636875  0.44217741  1.4083763 ]
 [-0.50629944  0.4309482   1.4122697 ]
 [-0.50947368  0.43737108  1.416193  ]
 [-0.50385672  0.44220614  1.4259614 ]
 [-0.50786549  0.4474768   1.4133103 ]
 [-0.49787718  0.44767815  1.4272289 ]
 [-0.50270921  0.44777846  1.4271464 ]
 [-0.50100172  0.45296574  1.4130569 ]
 [-0.50210184  0.44643682  1.4326969 ]
 [-0.49985066  0.48739344  1.4378302 ]
 [-0.49783719  0.48407876  1.4385066 ]
 [-0.49993485  0.48390353  1.4427278 ]
 [-0.50318319  0.48456255  1.4456432 ]
 [-0.52995932  0.46906203  1.4598863 ]
 [-0.52848685  0.47029668  1.4607062 ]
 [-0.51722962  0.45771396  1.4609466 ]
 [-0.52080178  0.48887634  1.4582555 ]
 [-0.51542056  0.47448534  1.4548011 ]
 [-0.51267511  0.47715288  1.4550786 ]
 [-0.51541811  0.47585475  1.4599394 ]
 [-0.51085854  0.48331565  1.4518405 ]
 [-0.51201445  0.48248771  1.4556087 ]
 [-0.5066492  0.4713636  1.4610791]
 [-0.50572211  0.47488892  1.4599875 ]
 [-0.50899041  0.48710981  1.4502307 ]
 [-0.5025574   0.44727901  1.4396234 ]
 [-0.49537936  0.44797859  1.4307988 ]
 [-0.49489093  0.45003778  1.4283296 ]
 [-0.49390584  0.4509902   1.4351127 ]
 [-0.49531615  0.4527781   1.4409586 ]
 [-0.49432117  0.45889014  1.4296397 ]
 [-0.49621341  0.45653075  1.4301564 ]
 [-0.49275246  0.46231863  1.4375361 ]
 [-0.49288139  0.45919114  1.4412816 ]
 [-0.49578992  0.45811594  1.4408773 ]
 [-0.49451762  0.45035005  1.4425843 ]
 [-0.49210829  0.45030487  1.4426259 ]
 [-0.49442175  0.46005508  1.4424624 ]
 [-0.49490643  0.45777699  1.4470178 ]
 [-0.49341714  0.46084574  1.4514198 ]
 [-0.4923307   0.46737167  1.4435979 ]
 [-0.49313673  0.46593741  1.4493822 ]
 [-0.4915677   0.46548524  1.4519737 ]
 [-0.49015346  0.46848717  1.4537888 ]
 [-0.49426824  0.47488412  1.4468359 ]
 [-0.49918124  0.47269401  1.4563481 ]
 [-0.50139087  0.47074616  1.4592038 ]
 [-0.50229853  0.47059807  1.4567618 ]
 [-0.49643049  0.46049735  1.4559213 ]
 [-0.49121547  0.4620207   1.456093  ]
 [-0.49170437  0.47477663  1.4572982 ]
 [-0.51381677  0.45996332  1.4650261 ]
 [-0.50992978  0.46190685  1.4650261 ]
 [-0.49793491  0.46403059  1.4639548 ]
 [-0.49339736  0.46227911  1.4632862 ]
 [-0.49560127  0.460821    1.4677794 ]
 [-0.49622101  0.46411359  1.4679492 ]
 [-0.50456029  0.47552615  1.4648987 ]
 [-0.50954133  0.47348163  1.4616044 ]
 [-0.49882603  0.47215191  1.4666648 ]
 [-0.49841839  0.47531635  1.4623309 ]
 [-0.49715638  0.48039809  1.4504406 ]
 [-0.49330807  0.48232228  1.4504406 ]
 [-0.49715722  0.48129907  1.4560785 ]
 [-0.49699822  0.48135662  1.4600152 ]
 [-0.49520829  0.48156503  1.4567698 ]
 [-0.4921743   0.47600883  1.4595065 ]
 [-0.4910666   0.47709465  1.4609456 ]
 [-0.49359319  0.48499465  1.4374026 ]
 [-0.49151295  0.48407435  1.446574  ]
 [-0.4931933   0.48801151  1.4416699 ]
 [-0.49250817  0.48253962  1.4424624 ]
 [-0.49071848  0.48275098  1.4517735 ]
 [-0.53561664  0.42838544  1.415706  ]
 [-0.52348804  0.4238306   1.4252156 ]
 [-0.52539814  0.42519611  1.4330037 ]
 [-0.55096745  0.45234311  1.4377176 ]
 [-0.55382836  0.45520401  1.4377176 ]
 [-0.5553239   0.46389371  1.4263388 ]
 [-0.52770501  0.42515367  1.4392956 ]
 [-0.52140689  0.42901093  1.4298782 ]
 [-0.52311826  0.42851597  1.4345715 ]
 [-0.52753282  0.42464268  1.444051  ]
 [-0.52581716  0.42846155  1.4472406 ]
 [-0.5202806   0.42481962  1.4190458 ]
 [-0.51715195  0.42843869  1.4164916 ]
 [-0.55632752  0.44759494  1.4109805 ]
 [-0.5523864   0.45126489  1.4119052 ]
 [-0.55163258  0.45371419  1.4125127 ]
 [-0.55614018  0.45069247  1.411279  ]
 [-0.5507313   0.45410535  1.4079533 ]
 [-0.55431277  0.47375008  1.4388773 ]
 [-0.55145776  0.47513515  1.4373059 ]
 [-0.55146754  0.47031739  1.4357392 ]
 [-0.5514341   0.47427782  1.4404749 ]
 [-0.55565614  0.45861989  1.4424624 ]
 [-0.54982919  0.43771493  1.4034623 ]
 [-0.53299159  0.44739154  1.4065392 ]
 [-0.53534198  0.44963756  1.4057666 ]
 [-0.52697396  0.44262415  1.4043131 ]
 [-0.52950746  0.44261095  1.402352  ]
 [-0.51301676  0.4417035   1.4068668 ]
 [-0.51514727  0.44517422  1.4068947 ]
 [-0.55427998  0.47778341  1.4452296 ]
 [-0.55524164  0.48258281  1.4452138 ]
 [-0.53214401  0.48803434  1.4443799 ]
 [-0.52560675  0.48911801  1.4405627 ]
 [-0.51712561  0.49246711  1.4313974 ]
 [-0.52100569  0.49505237  1.434251  ]
 [-0.51800871  0.48930281  1.4348692 ]
 [-0.51270169  0.4923324   1.4264743 ]
 [-0.5134899   0.49111089  1.4311565 ]
 [-0.51584023  0.49195874  1.4356606 ]
 [-0.50966877  0.43936521  1.4053574 ]
 [-0.50966877  0.44122955  1.4053574 ]
 [-0.51735234  0.49192354  1.4445738 ]
 [-0.51780862  0.49507672  1.4453621 ]
 [-0.50968951  0.49538967  1.4311645 ]
 [-0.50672102  0.4929288   1.4420662 ]
 [-0.49716759  0.4490065   1.4014562 ]
 [-0.49688196  0.49266675  1.4385066 ]
 [-0.50288314  0.49070886  1.4392956 ]
 [-0.50255442  0.49449944  1.4424624 ]
 [-0.51754296  0.49110541  1.4536567 ]
 [-0.51311725  0.49441412  1.4520469 ]
 [-0.51182508  0.48958266  1.4518213 ]
 [-0.53295416  0.43073273  1.4080921 ]
 [-0.5301497   0.43353939  1.4080988 ]
 [-0.51264626  0.43253952  1.4065721 ]
 [-0.53156364  0.42529765  1.4117603 ]
 [-0.5347935   0.42652002  1.4096109 ]
 [-0.52703011  0.42730603  1.4081283 ]
 [-0.51710087  0.4276745   1.4129292 ]
 [-0.5083524   0.42462572  1.4045515 ]
 [-0.50628036  0.4243218   1.4125302 ]
 [-0.50379062  0.42694154  1.4093742 ]
 [-0.50857472  0.42886707  1.4096601 ]
 [-0.49885964  0.42442849  1.4047135 ]
 [-0.49470267  0.49144235  1.4377176 ]
 [-0.49442175  0.49210745  1.4424624 ]
 [-0.49542722  0.49403885  1.4460597 ]
 [-0.49413899  0.49085706  1.4472388 ]
 [-0.49496624  0.49552295  1.444051  ]
 [-0.49362382  0.49129391  1.4523152 ]
 [-0.5337742   0.46817625  1.4631368 ]
 [-0.5177905   0.47656393  1.4670241 ]
 [-0.52507466  0.49467912  1.4585077 ]
 [-0.52191424  0.49090829  1.4568871 ]
 [-0.52294999  0.49439406  1.4633911 ]
 [-0.51358759  0.47963223  1.4664868 ]
 [-0.51167744  0.47732493  1.4654064 ]
 [-0.51618445  0.47898191  1.4664762 ]
 [-0.51342684  0.48124543  1.4615676 ]
 [-0.51283872  0.49201551  1.4599138 ]
 [-0.50482267  0.49178806  1.4583246 ]
 [-0.50579226  0.49469316  1.4583131 ]
 [-0.50899768  0.49147582  1.4566813 ]
 [-0.50432682  0.49024448  1.4676777 ]
 [-0.49677989  0.48136666  1.46492   ]
 [-0.50220186  0.47592103  1.4670982 ]
 [-0.49768522  0.49348685  1.4553908 ]
 [-0.50304586  0.49243382  1.4608555 ]
 [-0.49707803  0.48923507  1.4563673 ]
 [-0.48383105  0.44212621  1.4367782 ]
 [-0.48610646  0.44522306  1.4330422 ]
 [-0.48352575  0.46059009  1.4456432 ]
 [-0.48668221  0.46555886  1.4241322 ]
 [-0.48690322  0.46875724  1.4242146 ]
 [-0.48567924  0.4681434   1.4466832 ]
 [-0.4884111   0.46631068  1.4515008 ]
 [-0.48578358  0.46838012  1.4519943 ]
 [-0.48583698  0.46707153  1.4568871 ]
 [-0.48887596  0.46536312  1.460241  ]
 [-0.4875465   0.46749851  1.4552184 ]
 [-0.48347512  0.46759108  1.4585077 ]
 [-0.48963025  0.47065064  1.4457482 ]
 [-0.48702881  0.47206852  1.4523659 ]
 [-0.48968631  0.47564623  1.4521453 ]
 [-0.48843342  0.47382823  1.45682   ]
 [-0.48754779  0.4713645   1.4552112 ]
 [-0.48701492  0.47346595  1.4608957 ]
 [-0.48660845  0.47938767  1.4517034 ]
 [-0.48919672  0.47772598  1.4496332 ]
 [-0.48669934  0.47703588  1.4545412 ]
 [-0.49221316  0.48057675  1.4654911 ]
 [-0.49401295  0.47931165  1.4616643 ]
 [-0.48999763  0.45901236  1.4658056 ]
 [-0.48679572  0.46279711  1.464833  ]
 [-0.48428616  0.46611792  1.4613495 ]
 [-0.48735523  0.4728854   1.4621685 ]
 [-0.48660994  0.47756776  1.4580015 ]
 [-0.48594299  0.47769636  1.460248  ]
 [-0.48608565  0.48228991  1.4605386 ]
 [-0.48466414  0.4793984   1.4650261 ]
 [-0.48907769  0.47791108  1.463326  ]
 [-0.48891461  0.47899249  1.4666054 ]
 [-0.51788932  0.45807171  1.4683073 ]
 [-0.4993785   0.46588334  1.4699738 ]
 [-0.50178403  0.46751836  1.468035  ]
 [-0.48765054  0.46235287  1.4699906 ]
 [-0.51206559  0.48116079  1.4730972 ]
 [-0.51608038  0.47616372  1.4697793 ]
 [-0.49955788  0.47953084  1.4681997 ]
 [-0.49697304  0.47805488  1.4688572 ]
 [-0.49720442  0.48218513  1.4685841 ]
 [-0.49356782  0.48446593  1.4568871 ]
 [-0.49273005  0.48554489  1.4601318 ]
 [-0.48807546  0.48478267  1.4520469 ]
 [-0.48991206  0.48603144  1.4519248 ]
 [-0.48861659  0.48724854  1.4536567 ]
 [-0.4889189   0.48467237  1.448838  ]
 [-0.48576     0.48273343  1.4538209 ]
 [-0.48693845  0.48750079  1.4572923 ]
 [-0.48694465  0.48299822  1.4563481 ]
 [-0.49892852  0.48401055  1.462682  ]
 [-0.50261915  0.48720142  1.4648788 ]
 [-0.49983904  0.48513338  1.4616231 ]
 [-0.49715748  0.48269293  1.4617605 ]
 [-0.49266511  0.48313427  1.4633911 ]
 [-0.48436856  0.48298955  1.4670782 ]
 [-0.4939853   0.49261576  1.4552701 ]
 [-0.49313852  0.49366477  1.4551479 ]
 [-0.52441931  0.41777867  1.4175117 ]
 [-0.52461338  0.41774169  1.4205832 ]
 [-0.52500403  0.41577438  1.4267664 ]
 [-0.5267235  0.4204593  1.4314393]
 [-0.52770501  0.42038023  1.4392956 ]
 [-0.56289768  0.44379175  1.4297296 ]
 [-0.5629015   0.44740647  1.4341637 ]
 [-0.55720192  0.46162808  1.4310182 ]
 [-0.56052268  0.46166858  1.4365053 ]
 [-0.55720264  0.46352911  1.4310139 ]
 [-0.5204733   0.42156839  1.4144535 ]
 [-0.56101495  0.44897833  1.4094341 ]
 [-0.5563603   0.43723848  1.4019277 ]
 [-0.55263919  0.44655168  1.4019237 ]
 [-0.55271739  0.43190491  1.40737   ]
 [-0.54711115  0.43350202  1.3959936 ]
 [-0.54496747  0.43053269  1.397866  ]
 [-0.54959607  0.43411562  1.3946573 ]
 [-0.5488202  0.4319078  1.4053574]
 [-0.54969132  0.44241127  1.3957952 ]
 [-0.5419575   0.42961669  1.3948919 ]
 [-0.5329144   0.43795186  1.3978677 ]
 [-0.53105932  0.44073197  1.397866  ]
 [-0.52661896  0.43795696  1.4008529 ]
 [-0.5256719   0.44049814  1.4005641 ]
 [-0.52288073  0.43863887  1.4005817 ]
 [-0.52194983  0.43677887  1.4005904 ]
 [-0.52300334  0.43165696  1.3961122 ]
 [-0.52206337  0.43552181  1.396606  ]
 [-0.55906487  0.48239094  1.4532275 ]
 [-0.52704507  0.49772856  1.4405358 ]
 [-0.51041454  0.4961541   1.4374514 ]
 [-0.50653583  0.49861768  1.4390457 ]
 [-0.50856519  0.49941996  1.4358745 ]
 [-0.50681114  0.49631718  1.4368368 ]
 [-0.50347692  0.50220221  1.4438179 ]
 [-0.49899095  0.44654813  1.396803  ]
 [-0.51776981  0.49923673  1.4545968 ]
 [-0.51119095  0.4982667   1.4520469 ]
 [-0.51659954  0.49978247  1.4533882 ]
 [-0.50689781  0.4988122   1.4480383 ]
 [-0.4987976   0.49743861  1.444051  ]
 [-0.49922293  0.50122964  1.4536567 ]
 [-0.50305581  0.4988122   1.4480383 ]
 [-0.49944416  0.45316657  1.3964334 ]
 [-0.49072328  0.44098812  1.4034882 ]
 [-0.49041146  0.44761088  1.3992838 ]
 [-0.49032441  0.4440268   1.4010789 ]
 [-0.49602747  0.49751368  1.4500893 ]
 [-0.52221358  0.49815252  1.4598551 ]
 [-0.52087438  0.49675396  1.4558024 ]
 [-0.51685512  0.49746469  1.460698  ]
 [-0.50405133  0.49736968  1.4590795 ]
 [-0.50940251  0.49590966  1.456669  ]
 [-0.54002291  0.42023492  1.4043036 ]
 [-0.53765988  0.4173446   1.406083  ]
 [-0.54090971  0.41740972  1.4073282 ]
 [-0.53394479  0.41766623  1.4050924 ]
 [-0.53583968  0.41907686  1.4035722 ]
 [-0.52521598  0.4172183   1.4052711 ]
 [-0.5079605   0.41983539  1.3951454 ]
 [-0.50735176  0.41674533  1.3950815 ]
 [-0.50712883  0.41840711  1.4043977 ]
 [-0.50773978  0.42151216  1.4044745 ]
 [-0.5048247   0.41684103  1.4062549 ]
 [-0.49911463  0.42054597  1.4036694 ]
 [-0.49928141  0.41723204  1.4057436 ]
 [-0.49408051  0.41889527  1.4037118 ]
 [-0.48440695  0.50183403  1.4406742 ]
 [-0.48544461  0.49776652  1.4414929 ]
 [-0.48522553  0.49905065  1.4523038 ]
 [-0.48487774  0.49887511  1.4483804 ]
 [-0.50153917  0.49811473  1.4581648 ]
 [-0.49952763  0.50133532  1.4563593 ]
 [-0.4978494  0.4993822  1.4609456]
 [-0.49411684  0.49661398  1.4585077 ]
 [-0.49605173  0.49661398  1.4585077 ]
 [-0.5170601   0.48592445  1.4697518 ]
 [-0.52541703  0.49906719  1.4666648 ]
 [-0.52508211  0.50065428  1.4614671 ]
 [-0.52197933  0.49633542  1.4633911 ]
 [-0.51343417  0.50065875  1.4615223 ]
 [-0.5161522   0.50104594  1.4615086 ]
 [-0.50723773  0.48647979  1.4714504 ]
 [-0.50440872  0.50082701  1.4679213 ]
 [-0.50164926  0.49498451  1.4648652 ]
 [-0.50313753  0.49006209  1.4637173 ]
 [-0.50178409  0.49483931  1.4615911 ]
 [-0.50437301  0.49178606  1.4697982 ]
 [-0.50388604  0.49471462  1.4697937 ]
 [-0.49235287  0.49356398  1.4628472 ]
 [-0.4924382   0.50077701  1.4650261 ]
 [-0.49351016  0.49730551  1.4614888 ]
 [-0.49145502  0.49737647  1.4678993 ]
 [-0.48117408  0.44303656  1.4330627 ]
 [-0.48038706  0.44673532  1.4350893 ]
 [-0.47978935  0.44844314  1.44087   ]
 [-0.47824919  0.43936092  1.4226365 ]
 [-0.4825533   0.44024125  1.4235222 ]
 [-0.47930709  0.44026372  1.4273443 ]
 [-0.47855565  0.45424423  1.4220815 ]
 [-0.48046604  0.45080584  1.4399849 ]
 [-0.48017797  0.46476191  1.4466281 ]
 [-0.48307517  0.46439984  1.4460717 ]
 [-0.48030245  0.46736827  1.451642  ]
 [-0.48504952  0.47205395  1.4281523 ]
 [-0.48230928  0.45688078  1.4150121 ]
 [-0.47949883  0.45824265  1.423116  ]
 [-0.48017463  0.46060601  1.4222188 ]
 [-0.48232779  0.46465114  1.4232361 ]
 [-0.47685927  0.46797889  1.4258947 ]
 [-0.47680736  0.46295491  1.4232882 ]
 [-0.47684434  0.46178013  1.4583058 ]
 [-0.47931826  0.46514416  1.4597465 ]
 [-0.48154026  0.46372136  1.4585077 ]
 [-0.47826892  0.4657557   1.4603353 ]
 [-0.48143077  0.46843457  1.4601318 ]
 [-0.48168406  0.47193113  1.4579674 ]
 [-0.47692463  0.47216839  1.4606756 ]
 [-0.47947001  0.46146306  1.464155  ]
 [-0.47689012  0.46773738  1.4650261 ]
 [-0.48112032  0.47120413  1.4666605 ]
 [-0.48100382  0.47329852  1.46174   ]
 [-0.47731885  0.46969968  1.4650415 ]
 [-0.47776598  0.4705728   1.4617596 ]
 [-0.47917095  0.47585979  1.4601318 ]
 [-0.47678933  0.47580925  1.4658527 ]
 [-0.48484644  0.48008028  1.4699181 ]
 [-0.48672307  0.4872891   1.468309  ]
 [-0.48281583  0.46566111  1.4742415 ]
 [-0.51718348  0.48486948  1.47639   ]
 [-0.51391494  0.48421708  1.4764071 ]
 [-0.48940101  0.49190372  1.4617596 ]
 [-0.47672707  0.49196386  1.4443699 ]
 [-0.48769683  0.49293867  1.4683081 ]
 [-0.52419269  0.4127363   1.4144378 ]
 [-0.52384216  0.41041535  1.4083763 ]
 [-0.52410591  0.41401774  1.4175117 ]
 [-0.5230512  0.4111622  1.412549 ]
 [-0.56576139  0.4421795   1.4357371 ]
 [-0.56574547  0.44307542  1.4294566 ]
 [-0.56671327  0.45121536  1.4341366 ]
 [-0.56099796  0.43974343  1.4279258 ]
 [-0.56099737  0.43784654  1.4279302 ]
 [-0.5253073   0.41529086  1.4038413 ]
 [-0.52124941  0.41406542  1.4034218 ]
 [-0.52081895  0.41028431  1.4061084 ]
 [-0.51765126  0.41398004  1.4022313 ]
 [-0.51448172  0.41393679  1.4041429 ]
 [-0.51485044  0.41556251  1.4103898 ]
 [-0.55927479  0.42486292  1.4129293 ]
 [-0.56208634  0.4239257   1.4129293 ]
 [-0.55136693  0.42261225  1.4023511 ]
 [-0.5490182   0.42544314  1.3963774 ]
 [-0.54602259  0.42783386  1.3897072 ]
 [-0.54969978  0.42453888  1.3934095 ]
 [-0.54899377  0.43441892  1.3930082 ]
 [-0.54854041  0.4406583   1.3922548 ]
 [-0.54483104  0.43673354  1.3930227 ]
 [-0.54100233  0.42640778  1.3910917 ]
 [-0.538037    0.42316493  1.3919303 ]
 [-0.53878754  0.42377621  1.3945671 ]
 [-0.540618    0.42608744  1.3960433 ]
 [-0.53868842  0.42468005  1.4005394 ]
 [-0.54091197  0.42579457  1.4011267 ]
 [-0.54150242  0.42886594  1.3990179 ]
 [-0.53873974  0.42994604  1.3889813 ]
 [-0.54257733  0.42933452  1.388613  ]
 [-0.53145534  0.43285987  1.3924245 ]
 [-0.53136927  0.43056023  1.3889813 ]
 [-0.5282436   0.43286139  1.3904543 ]
 [-0.52648449  0.4321731   1.3882464 ]
 [-0.52485704  0.42980182  1.3961077 ]
 [-0.52755213  0.43719992  1.3925228 ]
 [-0.52453738  0.44111857  1.3908867 ]
 [-0.52176231  0.4309583   1.3909235 ]
 [-0.52152252  0.43523231  1.3912852 ]
 [-0.52220654  0.43950787  1.391641  ]
 [-0.52462858  0.42663851  1.3897589 ]
 [-0.52948308  0.42587534  1.3905939 ]
 [-0.52874207  0.42657307  1.388685  ]
 [-0.52770704  0.42247134  1.3883514 ]
 [-0.50347763  0.50411999  1.4438133 ]
 [-0.51270497  0.50595456  1.4544703 ]
 [-0.50690883  0.50724453  1.4544947 ]
 [-0.50995982  0.50396448  1.4501867 ]
 [-0.50358319  0.44682965  1.38889   ]
 [-0.50533563  0.4508152   1.3916728 ]
 [-0.49897212  0.44093654  1.3884418 ]
 [-0.51751775  0.50614107  1.4549861 ]
 [-0.51160723  0.50534445  1.4582607 ]
 [-0.51639789  0.50590998  1.4598664 ]
 [-0.50480783  0.50664949  1.4604784 ]
 [-0.50373554  0.50326729  1.4603438 ]
 [-0.49985027  0.50330991  1.4568889 ]
 [-0.49982351  0.50655591  1.4605606 ]
 [-0.49727508  0.50694573  1.4564255 ]
 [-0.50263751  0.50900167  1.4579674 ]
 [-0.4975141   0.50315034  1.4604464 ]
 [-0.48813143  0.43210682  1.3990704 ]
 [-0.48725367  0.43029505  1.412608  ]
 [-0.48358366  0.42990714  1.4092641 ]
 [-0.4851816   0.44280961  1.3974488 ]
 [-0.48551553  0.44290182  1.4011432 ]
 [-0.51381677  0.50660753  1.4650261 ]
 [-0.51338148  0.50511074  1.4631472 ]
 [-0.51130199  0.50604212  1.4633911 ]
 [-0.50747979  0.50707388  1.4621675 ]
 [-0.50364751  0.50535423  1.4666798 ]
 [-0.49771258  0.50604212  1.4633911 ]
 [-0.49732432  0.50293595  1.4633911 ]
 [-0.54616165  0.41911918  1.3975236 ]
 [-0.54716575  0.42034894  1.3963774 ]
 [-0.54521501  0.41771427  1.3990264 ]
 [-0.54606986  0.42022285  1.4057877 ]
 [-0.54540116  0.42027462  1.4095751 ]
 [-0.54269654  0.41970894  1.3964206 ]
 [-0.54103225  0.42128956  1.3948919 ]
 [-0.54193211  0.42211676  1.4012808 ]
 [-0.53502417  0.42097992  1.397572  ]
 [-0.53038245  0.41912529  1.3975984 ]
 [-0.53034812  0.41772005  1.3990968 ]
 [-0.53652632  0.42049876  1.4000599 ]
 [-0.5271529   0.41982821  1.3968662 ]
 [-0.52578133  0.41682112  1.3961353 ]
 [-0.51807845  0.4129158   1.3978659 ]
 [-0.52211362  0.41822535  1.3946592 ]
 [-0.51389575  0.41935992  1.3915613 ]
 [-0.50828749  0.41371867  1.3968384 ]
 [-0.5048793  0.4106257  1.400515 ]
 [-0.50958967  0.41072297  1.4004352 ]
 [-0.50530595  0.40914235  1.4041685 ]
 [-0.50900799  0.4123297   1.4079094 ]
 [-0.49645895  0.41548052  1.4040391 ]
 [-0.48748446  0.42075968  1.407162  ]
 [-0.48944491  0.42007446  1.4098786 ]
 [-0.48796582  0.4221403   1.4136484 ]
 [-0.48914874  0.42756021  1.4008158 ]
 [-0.48719159  0.42608809  1.4063504 ]
 [-0.48568165  0.42599711  1.4026892 ]
 [-0.48736262  0.4246113   1.4093965 ]
 [-0.48079389  0.49980637  1.4431089 ]
 [-0.48298764  0.49772039  1.4415352 ]
 [-0.49382991  0.50313008  1.4633911 ]
 [-0.49660277  0.50786263  1.4658455 ]
 [-0.51749486  0.50733632  1.4699533 ]
 [-0.50138229  0.50700349  1.4714302 ]
 [-0.49269667  0.50107294  1.4716032 ]
 [-0.48824421  0.49661109  1.4699533 ]
 [-0.49660116  0.50888187  1.4716032 ]
 [-0.48434412  0.50343621  1.4699533 ]
 [-0.49001998  0.50739843  1.4735332 ]
 [-0.47513106  0.44018546  1.4274161 ]
 [-0.47296116  0.44158033  1.421849  ]
 [-0.47097108  0.44449151  1.4226657 ]
 [-0.47646138  0.44656944  1.4313596 ]
 [-0.47505966  0.44897774  1.434306  ]
 [-0.47176152  0.45153967  1.4240183 ]
 [-0.47167176  0.45460048  1.4255215 ]
 [-0.47621986  0.45267326  1.4239699 ]
 [-0.48695433  0.42937514  1.418795  ]
 [-0.48841926  0.42938033  1.4175259 ]
 [-0.48785138  0.43101749  1.4231797 ]
 [-0.48128873  0.43000081  1.4167356 ]
 [-0.47361854  0.43501142  1.429804  ]
 [-0.47194111  0.43833643  1.4167904 ]
 [-0.47592747  0.45741111  1.4241029 ]
 [-0.47657055  0.46053848  1.4222809 ]
 [-0.47176674  0.45754752  1.4317769 ]
 [-0.47334975  0.45905676  1.4279879 ]
 [-0.47154328  0.465693    1.4377706 ]
 [-0.47389373  0.46870339  1.444051  ]
 [-0.47196293  0.46866831  1.4528518 ]
 [-0.47204623  0.47374538  1.4380243 ]
 [-0.47459143  0.47033548  1.4520469 ]
 [-0.47538757  0.4585433   1.4601336 ]
 [-0.47311935  0.45754296  1.4552164 ]
 [-0.47617343  0.46900424  1.4568871 ]
 [-0.47275457  0.47005379  1.4601551 ]
 [-0.47670311  0.4724282   1.4585077 ]
 [-0.4760842   0.47501177  1.4584999 ]
 [-0.47310469  0.4679752   1.433024  ]
 [-0.47340536  0.46318159  1.4328716 ]
 [-0.47614056  0.47195131  1.4302208 ]
 [-0.47255659  0.47403049  1.4634134 ]
 [-0.52346164  0.49149346  1.4864124 ]
 [-0.52354872  0.49036902  1.4830436 ]
 [-0.51857424  0.48896036  1.4847541 ]
 [-0.5169819   0.48905826  1.4830778 ]
 [-0.51161319  0.48557487  1.4864824 ]
 [-0.51608127  0.48529395  1.4856182 ]
 [-0.51271349  0.48840332  1.4830995 ]
 [-0.51463223  0.49487835  1.4847589 ]
 [-0.48228946  0.49939209  1.4666667 ]
 [-0.47149327  0.49170759  1.440564  ]
 [-0.47373071  0.49529561  1.4403205 ]
 [-0.47309786  0.49910107  1.4398099 ]
 [-0.47369689  0.50102103  1.4457215 ]
 [-0.47559702  0.50140166  1.4535505 ]
 [-0.48848471  0.49884811  1.4765748 ]
 [-0.4798986   0.49918136  1.477167  ]
 [-0.52215958  0.40630358  1.4038527 ]
 [-0.52098435  0.40721074  1.4023569 ]
 [-0.52202356  0.40497705  1.407465  ]
 [-0.51879436  0.40711594  1.4098908 ]
 [-0.52178681  0.40424454  1.4129293 ]
 [-0.52300984  0.40479285  1.409012  ]
 [-0.51633042  0.40637559  1.4033355 ]
 [-0.55734104  0.420551    1.4068652 ]
 [-0.55322731  0.41982174  1.4023511 ]
 [-0.54085606  0.42165726  1.3924838 ]
 [-0.5407542   0.42611125  1.3871561 ]
 [-0.5350545   0.42134708  1.3889813 ]
 [-0.5305264   0.42711818  1.3867781 ]
 [-0.5269593   0.42611799  1.3862426 ]
 [-0.52728486  0.42655179  1.3879315 ]
 [-0.52421516  0.43762594  1.3857378 ]
 [-0.52285165  0.42727393  1.3850359 ]
 [-0.52066195  0.42888746  1.3813843 ]
 [-0.52142406  0.43394753  1.3867395 ]
 [-0.52682191  0.42148247  1.3916637 ]
 [-0.52873945  0.41965589  1.3887012 ]
 [-0.52837932  0.42171827  1.389291  ]
 [-0.50266111  0.51430041  1.4524493 ]
 [-0.5106979   0.51058185  1.4566286 ]
 [-0.50535136  0.51171285  1.4574274 ]
 [-0.50870401  0.51115668  1.4582609 ]
 [-0.50435215  0.51266313  1.4601318 ]
 [-0.49798658  0.510158    1.4585077 ]
 [-0.49724975  0.51330876  1.4601318 ]
 [-0.50348473  0.44181263  1.3836429 ]
 [-0.50101686  0.43661919  1.3824204 ]
 [-0.50184053  0.44286573  1.3861223 ]
 [-0.51052731  0.51424927  1.4615043 ]
 [-0.50907671  0.51255035  1.4625753 ]
 [-0.5049144   0.50935632  1.4617596 ]
 [-0.49334776  0.51007652  1.4582764 ]
 [-0.49340993  0.51146626  1.4650261 ]
 [-0.4803364   0.42902702  1.4065284 ]
 [-0.47883382  0.42893198  1.4028622 ]
 [-0.48336396  0.43351772  1.3973362 ]
 [-0.48259497  0.42968494  1.3982085 ]
 [-0.48264131  0.42909935  1.3975099 ]
 [-0.48308814  0.4297964   1.4037256 ]
 [-0.48091078  0.44193459  1.3965877 ]
 [-0.48305088  0.4403415   1.4042286 ]
 [-0.48144811  0.42839631  1.4129778 ]
 [-0.48189795  0.44266242  1.3938153 ]
 [-0.48227674  0.44889084  1.4047107 ]
 [-0.48326588  0.44610345  1.4068116 ]
 [-0.48293123  0.45229903  1.4050733 ]
 [-0.5180757  0.5108341  1.4716032]
 [-0.4960444   0.51026142  1.4699533 ]
 [-0.51942474  0.4154785   1.3917104 ]
 [-0.4722496   0.50361365  1.448782  ]
 [-0.48915887  0.5128867   1.4552701 ]
 [-0.5228647  0.5141108  1.4796298]
 [-0.51337838  0.50685591  1.4780252 ]
 [-0.51485288  0.5122543   1.4780055 ]
 [-0.51309967  0.51438379  1.4766185 ]
 [-0.50405329  0.50735039  1.4780682 ]
 [-0.50359654  0.51098549  1.4772277 ]
 [-0.49099642  0.50529355  1.4782394 ]
 [-0.49051011  0.50251198  1.4772683 ]
 [-0.48793522  0.50415683  1.4749138 ]
 [-0.48095655  0.50877643  1.4619851 ]
 [-0.46798992  0.43071544  1.4272717 ]
 [-0.46722537  0.44383937  1.42295   ]
 [-0.46770048  0.44783807  1.4258772 ]
 [-0.47343594  0.43569973  1.4129727 ]
 [-0.46850631  0.43973023  1.4125274 ]
 [-0.46988732  0.44286785  1.4125724 ]
 [-0.46562353  0.46540257  1.4321226 ]
 [-0.46568444  0.46386388  1.4339852 ]
 [-0.46866286  0.46730238  1.4456432 ]
 [-0.46999291  0.45658395  1.4522905 ]
 [-0.46746215  0.46404827  1.4520912 ]
 [-0.46836811  0.46603587  1.4536567 ]
 [-0.46725401  0.46943909  1.4553101 ]
 [-0.46816802  0.44919026  1.4490477 ]
 [-0.46963841  0.46625763  1.4634453 ]
 [-0.52328652  0.49375767  1.4931961 ]
 [-0.51970124  0.50062037  1.4914943 ]
 [-0.47138914  0.49124563  1.4699781 ]
 [-0.47280204  0.49537924  1.4691513 ]
 [-0.47590154  0.50236917  1.4565386 ]
 [-0.47499397  0.50590533  1.4569827 ]
 [-0.47202423  0.50362897  1.4566602 ]
 [-0.47493255  0.5074932   1.4550667 ]
 [-0.4753035   0.50349873  1.4635179 ]
 [-0.47250211  0.49719152  1.4339316 ]
 [-0.52012533  0.43362129  1.3789486 ]
 [-0.51823229  0.43179342  1.3809052 ]
 [-0.50690335  0.51604623  1.4611094 ]
 [-0.50089097  0.51949173  1.4599062 ]
 [-0.50012869  0.51967674  1.4550369 ]
 [-0.50107151  0.51729256  1.4555782 ]
 [-0.50282913  0.51690513  1.4599044 ]
 [-0.49715617  0.51639169  1.4566792 ]
 [-0.49369854  0.51750565  1.4601318 ]
 [-0.51381767  0.51638228  1.4647576 ]
 [-0.50806642  0.51769012  1.4633909 ]
 [-0.50463986  0.5158034   1.4631636 ]
 [-0.5039444   0.51711363  1.4617615 ]
 [-0.49868327  0.51671946  1.4633911 ]
 [-0.50209206  0.51724344  1.4662578 ]
 [-0.51417124  0.51669079  1.4716032 ]
 [-0.51359481  0.51611155  1.4699533 ]
 [-0.51670337  0.51629412  1.4732566 ]
 [-0.50579464  0.51611155  1.4699533 ]
 [-0.47614142  0.42666346  1.4074796 ]
 [-0.47137177  0.43458629  1.4044819 ]
 [-0.47381562  0.43928859  1.4054526 ]
 [-0.47368753  0.43624043  1.4015436 ]
 [-0.4707002   0.44430903  1.4069973 ]
 [-0.47249794  0.44265795  1.4013671 ]
 [-0.51759517  0.50769621  1.4847149 ]
 [-0.50378925  0.50474328  1.4847872 ]
 [-0.50556123  0.50621307  1.4814118 ]
 [-0.50354964  0.50594336  1.482542  ]
 [-0.46792826  0.43842408  1.4064667 ]
 [-0.45985374  0.46326816  1.4375865 ]
 [-0.46244732  0.46681845  1.4382435 ]
 [-0.46116027  0.46438017  1.4457023 ]
 [-0.46297026  0.46297601  1.4472963 ]
 [-0.46027029  0.46699119  1.4501888 ]
 [-0.45782101  0.46646255  1.4521313 ]
 [-0.4626731   0.46514028  1.4539943 ]
 [-0.4567413   0.46988195  1.4537417 ]
 [-0.46208593  0.45317748  1.4522694 ]
 [-0.45929161  0.46081352  1.4586127 ]
 [-0.46037167  0.4564254   1.4569937 ]
 [-0.46117371  0.46446353  1.4594101 ]
 [-0.46380535  0.44513211  1.4512029 ]
 [-0.46419767  0.44827944  1.4481051 ]
 [-0.45842469  0.4448975   1.4461137 ]
 [-0.46036094  0.44424894  1.4508986 ]
 [-0.46675137  0.49060631  1.4665692 ]
 [-0.46869648  0.49671456  1.4633435 ]
 [-0.45640349  0.46583867  1.4561808 ]
pts_ids list 953
 [258993, 259144, 259143, 207688, 258487, 258482, 258612, 258274, 207532, 207468, 259071, 207948, 208269, 208387, 207529, 207770, 207944, 207533, 207689, 258615, 258726, 258718, 258346, 207528, 258486, 207593, 258860, 258345, 258608, 257966, 259146, 258498, 258730, 258725, 258614, 259147, 258867, 207351, 258032, 258165, 258095, 207327, 258731, 207857, 207852, 207274, 207423, 258175, 207537, 207635, 207636, 258620, 207471, 259150, 258029, 258269, 258166, 207272, 258351, 259510, 259511, 208044, 208448, 208345, 208737, 208738, 207389, 207275, 207682, 207853, 208107, 208275, 208222, 207693, 207472, 207859, 258158, 258090, 258479, 258481, 207462, 258990, 207388, 207271, 207348, 258340, 258266, 258854, 258164, 258273, 258272, 207527, 207588, 207769, 259297, 207775, 207947, 207943, 208561, 258267, 206885, 207179, 257897, 257703, 257894, 206996, 207180, 257774, 257642, 207186, 257568, 207687, 259302, 259386, 208280, 258619, 207284, 207397, 206930, 207002, 207064, 207116, 207014, 258732, 206888, 27369, 27373, 207230, 206935, 207195, 207015, 207066, 207196, 207125, 207393, 207398, 207778, 207702, 207858, 259303, 206879, 207167, 206991, 206928, 206871, 207171, 27015, 27105, 207061, 27019, 27199, 206997, 206998, 207226, 206992, 27106, 27145, 206880, 27070, 27139, 27237, 27277, 207425, 207955, 259863, 259784, 259856, 259864, 259933, 27533, 27569, 27571, 208560, 208276, 27731, 208450, 208508, 208281, 208692, 208739, 27870, 208693, 209044, 209128, 27913, 260217, 260306, 260140, 260141, 208869, 206890, 207193, 27538, 27539, 27146, 27362, 27278, 27475, 207694, 207949, 208510, 208742, 208743, 208812, 207956, 259424, 259422, 208393, 208454, 208562, 208512, 208347, 258476, 257992, 258338, 258339, 207110, 257993, 206878, 207270, 207768, 258606, 208165, 208438, 208266, 258026, 207344, 207933, 257893, 207178, 258494, 258724, 258723, 208274, 208447, 208446, 208559, 258493, 206652, 206541, 257042, 257360, 257359, 206653, 256949, 206413, 257288, 206765, 206824, 206543, 206768, 259861, 260013, 259862, 258624, 207701, 258416, 258737, 259075, 258876, 258503, 207477, 206654, 27018, 27071, 206662, 27202, 206668, 259153, 207964, 259232, 208177, 27072, 207965, 208111, 259309, 208461, 208564, 259513, 208286, 259690, 257031, 26883, 257154, 257426, 257554, 257694, 257886, 257348, 206981, 26898, 206414, 26825, 26925, 27138, 206760, 27273, 27272, 27149, 27356, 207966, 208056, 208287, 208456, 260305, 260399, 209127, 260223, 260008, 260009, 260309, 259865, 260086, 260400, 260310, 259790, 27529, 27357, 27363, 27530, 27662, 27616, 27572, 27769, 27767, 208171, 143787, 143788, 208277, 27803, 27874, 27876, 27918, 259857, 259929, 28006, 208939, 260220, 260142, 27914, 27944, 86466, 209474, 209475, 28060, 28025, 28056, 28101, 260716, 260494, 209566, 209276, 208677, 208678, 208942, 260315, 260145, 260311, 209132, 207967, 208513, 208225, 208288, 86517, 257546, 207340, 207669, 207938, 207937, 258171, 208098, 207517, 207759, 208382, 208556, 207100, 206926, 257167, 257284, 257356, 257283, 256953, 259149, 259072, 258863, 259301, 208273, 256611, 256869, 256789, 256702, 206113, 206298, 26928, 259635, 259636, 259585, 259314, 258509, 258746, 258742, 258185, 258510, 258880, 206233, 206234, 259586, 259642, 258513, 208294, 143280, 208058, 208116, 208295, 208815, 208746, 259869, 256945, 256946, 26787, 257270, 257027, 256943, 206635, 26596, 26721, 26723, 26755, 26597, 207975, 208296, 144396, 208568, 208398, 208747, 260610, 260863, 209050, 208951, 209354, 260867, 260803, 260866, 260496, 260318, 260224, 260226, 260147, 87073, 260717, 260864, 86861, 86999, 86752, 143558, 143560, 208449, 143794, 143848, 27920, 27946, 259858, 208937, 28028, 260006, 209046, 27947, 86362, 86392, 260143, 260010, 260401, 86470, 86395, 86467, 260805, 260498, 28000, 28057, 28061, 209277, 86512, 209133, 209137, 209479, 260612, 260868, 209686, 28164, 28163, 28102, 261142, 261001, 260942, 209690, 209691, 208943, 209136, 208745, 86590, 208813, 208627, 86549, 209002, 208944, 86749, 260718, 260497, 209202, 209352, 209637, 208873, 86862, 206976, 207160, 207376, 207579, 208096, 258343, 258720, 258485, 258992, 258492, 206812, 257041, 256523, 256535, 206351, 256151, 205975, 256035, 206231, 256157, 205824, 205978, 205979, 206038, 256412, 256413, 256407, 256152, 256221, 259932, 259318, 259079, 259158, 258883, 259002, 259520, 143116, 260020, 208748, 259941, 208630, 208402, 208817, 208631, 143286, 143105, 143225, 143174, 144507, 260320, 260088, 260403, 87075, 260149, 256688, 256772, 256936, 256689, 256606, 84802, 26239, 26176, 26409, 26526, 26406, 26480, 26407, 26410, 144448, 144399, 144568, 144510, 87077, 87130, 209139, 209054, 209053, 261002, 209568, 260502, 209357, 260504, 260503, 261101, 260943, 260719, 86998, 260505, 261004, 261005, 209279, 209480, 209208, 209638, 143526, 143605, 143706, 143417, 143437, 143471, 143567, 143750, 27875, 27843, 27970, 143992, 143531, 143632, 143660, 143752, 143849, 143713, 27967, 28029, 209045, 209130, 209129, 209001, 260402, 28026, 209478, 260865, 260495, 260715, 209199, 209134, 260804, 261003, 209692, 28235, 261207, 261208, 209206, 144351, 209693, 84884, 206396, 206971, 206615, 258857, 258342, 258719, 258265, 258263, 84763, 84727, 84685, 26233, 26284, 26524, 206634, 206623, 206104, 205895, 255590, 205765, 255924, 255929, 255925, 255712, 205648, 256033, 256147, 256404, 256403, 256297, 205470, 255431, 205703, 205471, 205561, 205473, 256148, 205704, 255718, 255716, 255833, 255838, 255591, 26309, 255432, 205466, 259529, 260027, 260028, 259799, 142927, 143123, 142796, 260026, 260234, 260325, 87296, 87228, 208953, 87297, 208955, 209007, 87229, 142785, 143007, 142916, 143020, 143117, 209481, 260617, 209363, 209283, 260871, 209364, 209358, 256260, 205889, 256295, 256771, 257021, 256214, 205821, 256512, 256261, 256262, 256296, 256324, 256215, 256142, 205971, 256029, 205649, 26132, 26130, 26129, 26173, 26336, 26337, 142698, 142733, 142823, 142735, 142779, 142736, 142816, 144443, 144400, 209359, 209482, 209762, 261102, 209834, 209759, 209836, 209760, 209920, 143472, 143441, 143473, 143561, 143631, 143538, 143606, 143563, 143167, 143087, 143267, 143088, 143433, 143352, 143633, 143661, 143751, 143711, 144048, 208390, 208741, 144172, 208740, 27945, 27871, 208938, 260307, 209048, 260221, 143993, 143885, 144050, 260613, 261636, 261470, 261542, 261471, 261633, 261582, 261472, 261543, 209569, 144314, 144353, 144401, 144511, 144655, 210003, 145140, 206156, 84578, 206343, 206462, 206609, 84628, 84579, 206288, 206103, 255918, 255286, 205465, 205215, 255287, 205317, 255053, 254893, 254651, 255291, 255821, 255426, 26179, 208753, 260154, 209006, 260241, 209141, 209056, 209142, 142749, 142625, 142795, 260509, 209286, 209210, 209057, 209483, 142865, 142780, 142786, 142744, 142704, 142827, 142958, 143106, 142949, 142924, 143360, 143313, 143396, 209835, 209763, 255822, 144612, 208880, 210111, 261262, 261265, 261209, 261263, 261266, 210052, 210024, 209972, 87360, 143338, 143474, 143528, 143218, 143274, 143357, 143924, 143922, 208451, 27824, 259859, 208811, 260007, 27724, 260611, 262015, 261947, 144734, 144892, 144748, 87230, 144815, 87234, 144964, 144315, 254286, 254520, 260408, 260336, 260037, 260095, 260330, 260155, 209143, 260724, 209368, 260621, 209214, 209369, 209572, 209838, 209766, 209921, 209767, 142828, 142956, 143107, 142920, 143278, 143118, 261544, 261545, 261392, 261474, 143108, 207945, 208050, 259632, 259688, 259745, 259860, 259930, 259931, 27802, 260216, 260138, 260218, 27698, 27699, 27612, 27660, 144645, 144741, 260085]
End_PTSFORFIT
End_CYLINDER
