Begin_CYLINDER
axis_vec ndarray 3 0
 [0 1 0]
err 1000000.0
fit_radius_2d_err 1000000.0
height 1
height_distributon_err 1000000.0
optimize_ang_err 1000000.0
percentage_in_err 1000000.0
percentage_out_err 1000000.0
radius 0.1
radius_err 1000000.0
x_vec ndarray 3 0
 [1 0 0]
y_vec ndarray 3 0
 [0 0 1]
Begin_PTSFORFIT
id 49041
pca_err 1000000.0
pca_vals list 3
 [1, 1, 1]
pca_vecs ndarray 3 3
 [1. 0. 0.]
 [0. 1. 0.]
 [0. 0. 1.]
pt_center ndarray 3 0
 [0 0 0]
pts ndarray 663 3
 [-0.51209331  1.3444173   0.88491726]
 [-0.51526076  1.3489583   0.88228238]
 [-0.51812541  1.3366631   0.88593417]
 [-0.51843387  1.3416605   0.89104468]
 [-0.52271271  1.3363447   0.88941967]
 [-0.51737386  1.3437338   0.88299948]
 [-0.51818365  1.3439859   0.89127845]
 [-0.5136838   1.3402405   0.88161629]
 [-0.51584077  1.3423917   0.88644564]
 [-0.51375389  1.347484    0.88889009]
 [-0.51321667  1.3523579   0.88376957]
 [-0.51581597  1.3508003   0.89422047]
 [-0.51658487  1.3528706   0.89438361]
 [-0.50691754  1.3385351   0.89222318]
 [-0.50965881  1.3419964   0.89362609]
 [-0.50837827  1.3474023   0.8884902 ]
 [-0.50359225  1.3533183   0.87697148]
 [-0.50794339  1.349282    0.88482523]
 [-0.50417501  1.3551844   0.8816154 ]
 [-0.52682596  1.3387434   0.87551892]
 [-0.52551049  1.3388844   0.89191699]
 [-0.52830034  1.3407634   0.88966745]
 [-0.52991283  1.3418987   0.89084852]
 [-0.52971494  1.342373    0.89329565]
 [-0.52685344  1.3464376   0.88539052]
 [-0.52819461  1.3435011   0.88636357]
 [-0.52937329  1.3429365   0.88682431]
 [-0.52340853  1.3429142   0.88958216]
 [-0.52486646  1.3489119   0.887986  ]
 [-0.5170728   1.3337606   0.88697773]
 [-0.52936387  1.3311173   0.89819807]
 [-0.52928823  1.3329538   0.8959989 ]
 [-0.52677315  1.3464177   0.89957654]
 [-0.52969915  1.343961    0.89695972]
 [-0.52192295  1.3478559   0.89781076]
 [-0.52252436  1.3438262   0.89707792]
 [-0.52221984  1.343325    0.89465457]
 [-0.51567549  1.3341334   0.89758807]
 [-0.51621145  1.3393751   0.89682913]
 [-0.51516819  1.3489528   0.89644581]
 [-0.52419841  1.3541923   0.88725042]
 [-0.52102512  1.3501878   0.89763033]
 [-0.50418532  1.3350852   0.89082497]
 [-0.51191598  1.3610992   0.88449562]
 [-0.51297379  1.3590411   0.89259666]
 [-0.51079434  1.3591691   0.88820499]
 [-0.50587851  1.3558934   0.87947947]
 [-0.5095551   1.3598909   0.88031352]
 [-0.50667214  1.3599516   0.88864297]
 [-0.51536739  1.3597879   0.89736837]
 [-0.51479393  1.3623352   0.8999806 ]
 [-0.50820988  1.3577831   0.89971304]
 [-0.49864253  1.3309438   0.8847546 ]
 [-0.49853709  1.3336681   0.88146687]
 [-0.4969866   1.3393741   0.89361525]
 [-0.49914807  1.3446898   0.89284098]
 [-0.49707395  1.348088    0.89434803]
 [-0.5030036   1.3440553   0.89922231]
 [-0.50171882  1.352119    0.88396597]
 [-0.5021649   1.3525715   0.89462996]
 [-0.49859989  1.3470196   0.8789193 ]
 [-0.49709159  1.3488262   0.87674451]
 [-0.50032061  1.3515321   0.87630731]
 [-0.53419614  1.3309641   0.87946135]
 [-0.53593284  1.3318019   0.88637441]
 [-0.53211153  1.3310809   0.88170767]
 [-0.5328508   1.3372335   0.87984729]
 [-0.5311172   1.339486    0.88015699]
 [-0.53095901  1.337847    0.88461661]
 [-0.5353874   1.3411419   0.88371074]
 [-0.53094912  1.3462927   0.88301289]
 [-0.53380072  1.3479385   0.88660669]
 [-0.53026652  1.3440014   0.88277924]
 [-0.53114796  1.3332636   0.89010549]
 [-0.53660369  1.3525678   0.89221728]
 [-0.53256112  1.3504273   0.89743316]
 [-0.5352906   1.3493309   0.89611441]
 [-0.53048563  1.3252772   0.89414394]
 [-0.52990365  1.3300718   0.9022314 ]
 [-0.52854741  1.3366094   0.9058224 ]
 [-0.53002     1.3420492   0.90744436]
 [-0.52277213  1.337417    0.9048121 ]
 [-0.51839751  1.3398356   0.90746558]
 [-0.53246433  1.3506513   0.90575624]
 [-0.53068823  1.3501431   0.90338767]
 [-0.52990568  1.3448222   0.90412378]
 [-0.52973831  1.3453159   0.90654117]
 [-0.52963173  1.3480716   0.90321553]
 [-0.52404034  1.342695    0.90405065]
 [-0.53002644  1.3554519   0.9026739 ]
 [-0.50735772  1.326751    0.8953743 ]
 [-0.50670856  1.3242142   0.90628678]
 [-0.5052768   1.3355973   0.90377498]
 [-0.50601596  1.3408855   0.90304083]
 [-0.50904739  1.3372548   0.90741181]
 [-0.50979394  1.3425545   0.90668243]
 [-0.50986695  1.3527129   0.90579635]
 [-0.52509153  1.3588303   0.90425688]
 [-0.5208205   1.3568822   0.90655589]
 [-0.51986068  1.356169    0.90173638]
 [-0.51696706  1.3561088   0.90178585]
 [-0.5134213   1.3604473   0.90223008]
 [-0.49746335  1.3248301   0.88663417]
 [-0.50169969  1.3255484   0.89128262]
 [-0.52148759  1.3629242   0.88801372]
 [-0.51168734  1.3666445   0.87785435]
 [-0.50654262  1.3630607   0.87649512]
 [-0.50504869  1.3642142   0.89198852]
 [-0.50906456  1.3644887   0.89735764]
 [-0.51351249  1.3687464   0.86974174]
 [-0.49860626  1.3568896   0.89506078]
 [-0.50126606  1.3625041   0.88835919]
 [-0.49862963  1.3244427   0.87486637]
 [-0.49306563  1.3286396   0.87653923]
 [-0.49044815  1.3234265   0.87735873]
 [-0.49455148  1.3265901   0.88449299]
 [-0.49105537  1.3252985   0.88329351]
 [-0.49630257  1.3331877   0.89546216]
 [-0.49243891  1.342829    0.88695246]
 [-0.49294534  1.3433847   0.89994699]
 [-0.492109    1.3514374   0.89590925]
 [-0.50232637  1.3373801   0.90161759]
 [-0.4922657   1.3371711   0.90178955]
 [-0.4928658   1.3611768   0.89553034]
 [-0.54008925  1.3246027   0.88352519]
 [-0.54293185  1.3256844   0.88588542]
 [-0.5386548   1.3421352   0.87954205]
 [-0.53717202  1.3364072   0.8808701 ]
 [-0.53977668  1.3384891   0.88693863]
 [-0.53814757  1.3370788   0.8855921 ]
 [-0.54332936  1.3401374   0.88750714]
 [-0.53137457  1.3249483   0.88356191]
 [-0.53685021  1.3245893   0.89318365]
 [-0.53995192  1.33237     0.88879734]
 [-0.5411402   1.3339299   0.88938552]
 [-0.53890163  1.3291156   0.88961363]
 [-0.54114014  1.3435024   0.89200395]
 [-0.53953123  1.3496433   0.89016497]
 [-0.53950411  1.3273209   0.89728564]
 [-0.54093611  1.3537997   0.89637452]
 [-0.54108107  1.3517339   0.90450346]
 [-0.5397265   1.3589455   0.90712154]
 [-0.53894901  1.3198869   0.89834428]
 [-0.53738767  1.3196194   0.90097135]
 [-0.53260314  1.3201307   0.90032208]
 [-0.53219306  1.322051    0.89618641]
 [-0.53338909  1.3272434   0.90842199]
 [-0.53367293  1.3340718   0.91141391]
 [-0.53307498  1.3296297   0.90869147]
 [-0.52884787  1.3277208   0.91096836]
 [-0.52483892  1.3334852   0.90956855]
 [-0.52941501  1.3321768   0.90838528]
 [-0.52444255  1.3373083   0.91307729]
 [-0.52311766  1.3276128   0.91106266]
 [-0.52071643  1.3338029   0.91163528]
 [-0.52148235  1.3390971   0.91091287]
 [-0.52275294  1.3396688   0.91331089]
 [-0.53099352  1.3427368   0.91225743]
 [-0.52675533  1.3439711   0.90887034]
 [-0.52402538  1.3449681   0.91256094]
 [-0.52666032  1.342647    0.91233146]
 [-0.52455431  1.3427669   0.90958411]
 [-0.51215482  1.331778    0.91399288]
 [-0.53763598  1.3475258   0.90955949]
 [-0.513394    1.3182169   0.90570813]
 [-0.50625002  1.3183637   0.89997923]
 [-0.50421321  1.3219888   0.90110028]
 [-0.50343287  1.3175744   0.90642136]
 [-0.49902883  1.3209542   0.89680892]
 [-0.49974805  1.3205538   0.90556639]
 [-0.49948484  1.3212931   0.90191048]
 [-0.50241107  1.3241252   0.90636021]
 [-0.50270009  1.328588    0.90379637]
 [-0.49867105  1.3314548   0.90264726]
 [-0.50779569  1.3210288   0.91288644]
 [-0.50063449  1.3161565   0.90811467]
 [-0.49963361  1.3233293   0.91052341]
 [-0.49786755  1.3256139   0.9133181 ]
 [-0.50084043  1.3269      0.91415358]
 [-0.49801278  1.3279232   0.91332251]
 [-0.50292742  1.3230745   0.91039932]
 [-0.49828044  1.3308423   0.90941387]
 [-0.53124344  1.364089    0.90939754]
 [-0.52688128  1.3639987   0.90947211]
 [-0.52045983  1.367378    0.91109914]
 [-0.51754689  1.3673176   0.91114897]
 [-0.5176239   1.3654506   0.91338485]
 [-0.51448357  1.3646739   0.90856713]
 [-0.49138334  1.3175659   0.88443547]
 [-0.49265939  1.3199259   0.89801013]
 [-0.5205403   1.3613089   0.87039304]
 [-0.51719183  1.3710176   0.86983758]
 [-0.51820129  1.3659005   0.86595476]
 [-0.52306563  1.3660319   0.86471033]
 [-0.51904279  1.3744023   0.86301309]
 [-0.5155977  1.3638046  0.8617323]
 [-0.51616353  1.3743426   0.86306226]
 [-0.5059312   1.3662535   0.86150271]
 [-0.50390971  1.3687601   0.86405879]
 [-0.50988179  1.3632262   0.8623805 ]
 [-0.50767803  1.3704722   0.86763006]
 [-0.48559681  1.3208739   0.87370396]
 [-0.48418474  1.3354864   0.88653362]
 [-0.4877938   1.3181235   0.88919383]
 [-0.48784152  1.3330842   0.89037478]
 [-0.48419499  1.334709    0.89115399]
 [-0.48439595  1.3300257   0.89312297]
 [-0.48940977  1.3355007   0.88838977]
 [-0.4923079   1.3257532   0.90433234]
 [-0.4946129   1.3239639   0.90418285]
 [-0.49104699  1.3240343   0.9013133 ]
 [-0.49155042  1.3318977   0.90252453]
 [-0.48878807  1.3269835   0.89866233]
 [-0.48682889  1.3251103   0.90644807]
 [-0.48705944  1.3288298   0.90431076]
 [-0.48382631  1.3228202   0.90777802]
 [-0.48798227  1.329442    0.89476985]
 [-0.48638383  1.3402759   0.89802647]
 [-0.48655477  1.3361304   0.902991  ]
 [-0.48414451  1.3367828   0.88312715]
 [-0.48804232  1.3454864   0.8837195 ]
 [-0.48477572  1.3443915   0.89308649]
 [-0.48843622  1.3479087   0.89449555]
 [-0.48521358  1.3548781   0.8945508 ]
 [-0.48368561  1.3457125   0.90269834]
 [-0.48345706  1.3512578   0.89605713]
 [-0.48631701  1.361969    0.89453095]
 [-0.54852748  1.3234785   0.88545495]
 [-0.54989547  1.3334674   0.88753545]
 [-0.54572433  1.330658    0.8908987 ]
 [-0.54929703  1.3315054   0.89266092]
 [-0.54783511  1.3351766   0.89348155]
 [-0.54720706  1.3404169   0.89275724]
 [-0.54978222  1.3177313   0.8978284 ]
 [-0.54466838  1.3175516   0.8957085 ]
 [-0.54784042  1.327647    0.8969602 ]
 [-0.54666746  1.3287197   0.90120316]
 [-0.54514104  1.316422    0.90485996]
 [-0.5469569   1.3252515   0.90295404]
 [-0.54825139  1.3250769   0.90557706]
 [-0.54391605  1.3259059   0.90455091]
 [-0.54848891  1.3341895   0.90579647]
 [-0.5446406   1.3329999   0.90161747]
 [-0.53969848  1.3213046   0.90490842]
 [-0.54315609  1.3197514   0.90637684]
 [-0.53890127  1.323158    0.90174675]
 [-0.54180872  1.3320206   0.9027679 ]
 [-0.53306937  1.3213768   0.90435237]
 [-0.53467178  1.3213475   0.90206301]
 [-0.53860438  1.3120123   0.9045884 ]
 [-0.53753281  1.3154997   0.90315521]
 [-0.53071862  1.309419    0.89996195]
 [-0.53631335  1.3143847   0.90496618]
 [-0.52499777  1.3123544   0.90734541]
 [-0.54055178  1.3184451   0.91112649]
 [-0.54283351  1.3202525   0.9135325 ]
 [-0.54333597  1.3174747   0.917418  ]
 [-0.53733605  1.3237889   0.90981156]
 [-0.53878897  1.3252293   0.91644895]
 [-0.54109919  1.328685    0.91792119]
 [-0.53669488  1.3167267   0.92103916]
 [-0.53326988  1.3275372   0.91923445]
 [-0.53227288  1.3345606   0.91924202]
 [-0.52773613  1.3172923   0.91243756]
 [-0.52475083  1.3215182   0.91286433]
 [-0.52766275  1.3212951   0.91871351]
 [-0.52918267  1.3179483   0.9171986 ]
 [-0.52342659  1.3187534   0.91619176]
 [-0.52342695  1.3196145   0.92071456]
 [-0.54002684  1.336825    0.90563339]
 [-0.53851831  1.3418036   0.91083288]
 [-0.53356475  1.3382908   0.91478616]
 [-0.52340406  1.3404646   0.92056644]
 [-0.51847243  1.3163499   0.9107545 ]
 [-0.51777607  1.3168207   0.9184882 ]
 [-0.5206511   1.336171    0.91722369]
 [-0.51776403  1.3359362   0.91466814]
 [-0.53134775  1.3478043   0.91750669]
 [-0.52707672  1.3458564   0.91980577]
 [-0.51461524  1.330629    0.92099792]
 [-0.50720769  1.3236517   0.91809243]
 [-0.50662458  1.326122    0.92072159]
 [-0.51506579  1.3118763   0.91336817]
 [-0.50502342  1.313177    0.90073997]
 [-0.5051471   1.3099517   0.90280908]
 [-0.50074011  1.3134277   0.91140771]
 [-0.49220699  1.3141304   0.89403915]
 [-0.49020249  1.3195693   0.90618312]
 [-0.49252236  1.3205503   0.91056341]
 [-0.49582791  1.3289294   0.9093048 ]
 [-0.50373179  1.3098427   0.91575128]
 [-0.50010008  1.3114502   0.91655189]
 [-0.50054288  1.3183235   0.91656852]
 [-0.49713641  1.3198063   0.9203198 ]
 [-0.50226772  1.3269553   0.91969025]
 [-0.49646351  1.3130577   0.91735262]
 [-0.49434572  1.3186522   0.91470146]
 [-0.49866524  1.3293693   0.91997057]
 [-0.53160089  1.369262    0.91467243]
 [-0.52498317  1.3637348   0.91549653]
 [-0.52935261  1.3638256   0.91542178]
 [-0.52658951  1.369087    0.91676378]
 [-0.51785481  1.3598493   0.92009276]
 [-0.52176434  1.3593078   0.92077172]
 [-0.5185864   1.3661841   0.91825628]
 [-0.52228177  1.3716644   0.9174853 ]
 [-0.4880482   1.3128167   0.88470811]
 [-0.5246709   1.3788429   0.86616462]
 [-0.52955216  1.3748246   0.85699743]
 [-0.51155704  1.3691317   0.85810041]
 [-0.52612668  1.3773199   0.85957491]
 [-0.52771723  1.3760883   0.85539645]
 [-0.52197707  1.381556    0.86008108]
 [-0.5131321   1.3779736   0.85869128]
 [-0.51442969  1.3818104   0.85971779]
 [-0.51032901  1.3760682   0.86095053]
 [-0.49810374  1.3700225   0.86250222]
 [-0.49666959  1.3105327   0.86594927]
 [-0.47939542  1.3123492   0.87321818]
 [-0.48111945  1.3156822   0.87456965]
 [-0.47946623  1.3105601   0.87538433]
 [-0.48136872  1.3207948   0.87377673]
 [-0.48819959  1.3210731   0.90990371]
 [-0.48279193  1.345021    0.8979091 ]
 [-0.47982576  1.3503056   0.87483901]
 [-0.55144906  1.3217132   0.88759112]
 [-0.5507943  1.3220196  0.8927018]
 [-0.55525815  1.3233315   0.89116573]
 [-0.55410194  1.3353666   0.8852697 ]
 [-0.55350566  1.3334067   0.89039332]
 [-0.555004    1.3316126   0.89256692]
 [-0.55124575  1.3318461   0.89195901]
 [-0.55284822  1.337319    0.89953661]
 [-0.55446798  1.3302958   0.90245837]
 [-0.55404633  1.3205222   0.90870398]
 [-0.5483849  1.3210492  0.9135769]
 [-0.54987311  1.3205159   0.91105056]
 [-0.54679048  1.327143    0.91177642]
 [-0.54020369  1.3140739   0.91271478]
 [-0.54884893  1.3314931   0.91212082]
 [-0.54877806  1.3333244   0.9099111 ]
 [-0.55378902  1.3359119   0.9124189 ]
 [-0.53321314  1.3073556   0.90793818]
 [-0.54497635  1.3148811   0.91545361]
 [-0.54654729  1.3166721   0.91747826]
 [-0.54917049  1.3192372   0.91576767]
 [-0.53986907  1.3099151   0.91588843]
 [-0.54998428  1.3197451   0.92351109]
 [-0.5450877   1.3266366   0.92601502]
 [-0.54996514  1.3233281   0.92440391]
 [-0.54128939  1.3240714   0.92344648]
 [-0.53223836  1.3122886   0.92446649]
 [-0.53263903  1.3241994   0.92322576]
 [-0.5264281   1.3151568   0.92054951]
 [-0.52818036  1.3142488   0.92393982]
 [-0.5243569   1.3349156   0.92721742]
 [-0.5301283   1.3422011   0.92420584]
 [-0.5248912   1.340233    0.92652148]
 [-0.5293442   1.3368754   0.92490977]
 [-0.51805842  1.30952     0.92729843]
 [-0.5280118   1.347484    0.92354912]
 [-0.51974368  1.3350908   0.92132443]
 [-0.51780808  1.3357078   0.92621803]
 [-0.51648706  1.3131435   0.92291689]
 [-0.51549047  1.3207651   0.92720437]
 [-0.51035672  1.3229673   0.92452782]
 [-0.53323525  1.3510718   0.92499834]
 [-0.53315848  1.3529357   0.92276615]
 [-0.49726093  1.3206793   0.921574  ]
 [-0.50079072  1.3274271   0.92753816]
 [-0.50319362  1.3276168   0.92451572]
 [-0.52250242  1.3032198   0.91835099]
 [-0.5109061   1.3084544   0.91196328]
 [-0.51571691  1.307337    0.91884869]
 [-0.50809133  1.3071822   0.90252036]
 [-0.50490993  1.3068995   0.90694577]
 [-0.50961506  1.3044934   0.90577376]
 [-0.50672352  1.306258    0.92009485]
 [-0.50535369  1.3047152   0.91644043]
 [-0.50139457  1.3088818   0.91138899]
 [-0.50158179  1.3040384   0.91723353]
 [-0.49539119  1.3045279   0.91660458]
 [-0.51534712  1.3045996   0.92214948]
 [-0.50940645  1.3111839   0.92523718]
 [-0.50661653  1.309305    0.92748678]
 [-0.50245696  1.3058763   0.92605424]
 [-0.49374872  1.3093596   0.92179751]
 [-0.49438643  1.3206196   0.92162305]
 [-0.52471918  1.3724416   0.92235494]
 [-0.53164518  1.3695486   0.85775727]
 [-0.53620404  1.3775294   0.85940278]
 [-0.53273654  1.3759087   0.85471416]
 [-0.53048366  1.376487    0.86060619]
 [-0.52049536  1.3869941   0.85918713]
 [-0.53027743  1.3714317   0.85364032]
 [-0.53173876  1.3752275   0.84810847]
 [-0.52769846  1.3715163   0.84981573]
 [-0.52410799  1.3738258   0.84887439]
 [-0.52930307  1.3777361   0.8506282 ]
 [-0.52466017  1.3771816   0.85413742]
 [-0.52273947  1.3735362   0.85009307]
 [-0.5226416   1.377001    0.85147375]
 [-0.52006394  1.3845822   0.85083294]
 [-0.51182896  1.3868144   0.85933512]
 [-0.49162048  1.3650359   0.86284924]
 [-0.49101251  1.3675704   0.86538309]
 [-0.49592507  1.3651252   0.8627758 ]
 [-0.49505839  1.3741083   0.8575868 ]
 [-0.49070871  1.3749403   0.85655725]
 [-0.49135238  1.3709582   0.86132973]
 [-0.49616107  1.3702332   0.86782688]
 [-0.49040258  1.3701135   0.86792523]
 [-0.4901363  1.3765727  0.8601898]
 [-0.4996472   1.3063993   0.86560547]
 [-0.49974552  1.304014    0.86315274]
 [-0.50082207  1.3121178   0.8694284 ]
 [-0.47213733  1.3071356   0.87413001]
 [-0.47206673  1.3089217   0.87196732]
 [-0.47583479  1.3079544   0.8758387 ]
 [-0.47563288  1.3119923   0.87900621]
 [-0.47965547  1.3544375   0.86989087]
 [-0.47630662  1.354521    0.86976469]
 [-0.47556615  1.3492984   0.87601209]
 [-0.55717528  1.3389798   0.90313995]
 [-0.55936837  1.3241011   0.91238642]
 [-0.56280363  1.3198653   0.91192991]
 [-0.5569486   1.3216665   0.91288489]
 [-0.55737847  1.3204961   0.91446549]
 [-0.55748147  1.3176187   0.92013317]
 [-0.56318134  1.317042    0.91670156]
 [-0.5514949   1.3159546   0.91652411]
 [-0.5540368   1.3262285   0.91571438]
 [-0.55483639  1.3251917   0.91976053]
 [-0.56334406  1.3305846   0.91890532]
 [-0.55249739  1.3165946   0.92132026]
 [-0.55629963  1.3267815   0.92345059]
 [-0.53947216  1.3228197   0.93054104]
 [-0.5422799   1.3247281   0.92827809]
 [-0.53162712  1.3120755   0.93265086]
 [-0.53093433  1.3108367   0.9313513 ]
 [-0.52661097  1.3084522   0.91757095]
 [-0.52539647  1.3029677   0.92418015]
 [-0.52740729  1.3090217   0.92463732]
 [-0.52764028  1.3026096   0.92677999]
 [-0.526164    1.3044012   0.93015975]
 [-0.52671033  1.3078561   0.9293595 ]
 [-0.52518636  1.3111862   0.93089426]
 [-0.52630949  1.3139066   0.92990863]
 [-0.52646142  1.3102218   0.93432158]
 [-0.52708352  1.3191588   0.9292177 ]
 [-0.52512836  1.3206718   0.9330011 ]
 [-0.52596259  1.3237725   0.92929512]
 [-0.52578849  1.3287302   0.92898685]
 [-0.52443337  1.3330611   0.92943847]
 [-0.52102941  1.305719    0.92451757]
 [-0.52158886  1.3211191   0.93431461]
 [-0.52156967  1.3258631   0.93238699]
 [-0.51822221  1.3250109   0.93056661]
 [-0.51792276  1.3329258   0.92954969]
 [-0.525262    1.3437021   0.92805582]
 [-0.5142805  1.3154116  0.9285183]
 [-0.51497662  1.3161963   0.93036598]
 [-0.51072353  1.3198967   0.92820722]
 [-0.5056051   1.3273846   0.93044108]
 [-0.50857019  1.325593    0.93260902]
 [-0.5035314   1.3307709   0.93201804]
 [-0.50145078  1.3341686   0.93360019]
 [-0.52623361  1.2974026   0.9171679 ]
 [-0.52402103  1.2999247   0.91684687]
 [-0.523996    1.3014305   0.92051923]
 [-0.51687974  1.3012966   0.92063636]
 [-0.50615442  1.3023108   0.91385716]
 [-0.50851136  1.2963202   0.91562772]
 [-0.49844486  1.2994441   0.9172681 ]
 [-0.49851495  1.297631    0.91945624]
 [-0.5026477   1.3010292   0.92087084]
 [-0.49432564  1.2960539   0.91586143]
 [-0.49574333  1.2957642   0.921691  ]
 [-0.54221284  1.367223    0.85506904]
 [-0.53777093  1.3719722   0.85096878]
 [-0.53704762  1.3707919   0.85075623]
 [-0.54289669  1.3753049   0.85095274]
 [-0.54112607  1.3732207   0.85900754]
 [-0.5381757   1.3750036   0.85685015]
 [-0.53896362  1.374662    0.86285704]
 [-0.53885376  1.3779156   0.85047102]
 [-0.53839678  1.3805938   0.85841542]
 [-0.53839821  1.3789426   0.85480887]
 [-0.54131031  1.3813856   0.86309487]
 [-0.54281503  1.3779235   0.86166459]
 [-0.51829338  1.3941888   0.85620356]
 [-0.52136916  1.3891745   0.85658365]
 [-0.51547617  1.3922739   0.85847414]
 [-0.53817731  1.3781667   0.84193504]
 [-0.53269124  1.3739148   0.8441543 ]
 [-0.53554082  1.3756032   0.84767842]
 [-0.53539962  1.3792539   0.84327346]
 [-0.53110898  1.3791732   0.84334415]
 [-0.52882564  1.3655437   0.84592026]
 [-0.52677608  1.3698707   0.84624273]
 [-0.52901918  1.3787663   0.84484893]
 [-0.52823037  1.380765    0.84696716]
 [-0.52221882  1.3769165   0.84330791]
 [-0.51454079  1.377676    0.84233892]
 [-0.51164979  1.3831978   0.84392923]
 [-0.49275202  1.3724229   0.85401356]
 [-0.49072951  1.37177     0.84922487]
 [-0.48524886  1.378626    0.85769337]
 [-0.48898593  1.3798542   0.86749101]
 [-0.48879513  1.3844827   0.86194754]
 [-0.50693744  1.2990913   0.86382228]
 [-0.50828576  1.3005979   0.86732739]
 [-0.50347149  1.2982895   0.86211944]
 [-0.50370574  1.3103751   0.87154907]
 [-0.49882743  1.3009528   0.85755336]
 [-0.50131071  1.2998785   0.86283773]
 [-0.50268447  1.3004928   0.86741954]
 [-0.49200276  1.2998598   0.85750538]
 [-0.48085949  1.3010597   0.86555851]
 [-0.47712329  1.3006865   0.87129682]
 [-0.47643271  1.2959495   0.86642891]
 [-0.47439769  1.2988534   0.87350088]
 [-0.471672    1.2970202   0.87570471]
 [-0.47307259  1.353159    0.8658337 ]
 [-0.47665799  1.3575914   0.86609119]
 [-0.46949542  1.3574429   0.8662135 ]
 [-0.46650279  1.3560786   0.86967504]
 [-0.4639329   1.3614764   0.87246889]
 [-0.46998474  1.356419    0.87022054]
 [-0.56199741  1.3307534   0.92431015]
 [-0.55780274  1.3274573   0.9282614 ]
 [-0.52439445  1.3144855   0.9347921 ]
 [-0.52722698  1.3168666   0.9403879 ]
 [-0.52239674  1.3169152   0.93747789]
 [-0.52116036  1.3246402   0.93949527]
 [-0.51815206  1.3273621   0.93621308]
 [-0.5163247   1.3376623   0.94092208]
 [-0.50732404  1.332431    0.93572611]
 [-0.50902891  1.3381324   0.94030231]
 [-0.50017667  1.341058    0.93673092]
 [-0.54534936  1.3560455   0.85192078]
 [-0.54655391  1.3596598   0.85959709]
 [-0.54752934  1.3599819   0.86378008]
 [-0.54559493  1.3647567   0.85251182]
 [-0.54777485  1.3656884   0.85417289]
 [-0.54451042  1.3657261   0.85965097]
 [-0.54598701  1.3664628   0.86433309]
 [-0.5457415  1.365941   0.8677597]
 [-0.54496419  1.3700372   0.85172135]
 [-0.54570413  1.3737754   0.85550851]
 [-0.54427969  1.3753881   0.85913384]
 [-0.54579949  1.3694031   0.85522228]
 [-0.54370081  1.3708955   0.8617605 ]
 [-0.54249829  1.3559862   0.85196948]
 [-0.54242092  1.3621732   0.86111683]
 [-0.5452171  1.3739232  0.8415339]
 [-0.54510647  1.3787634   0.85506696]
 [-0.54813927  1.3676183   0.87136155]
 [-0.54318267  1.3728487   0.87067097]
 [-0.54407513  1.3825361   0.85610723]
 [-0.54102027  1.3854059   0.84702736]
 [-0.54426765  1.3722758   0.83797997]
 [-0.53978544  1.3797318   0.84007376]
 [-0.53273183  1.3747842   0.83488721]
 [-0.53505486  1.377382    0.83731377]
 [-0.52933419  1.3772633   0.83741146]
 [-0.52353793  1.3789778   0.83531368]
 [-0.52892429  1.3832991   0.84127289]
 [-0.50439978  1.3802224   0.8392114 ]
 [-0.50351572  1.3785621   0.83565569]
 [-0.50621694  1.3815711   0.8458581 ]
 [-0.50557446  1.3858279   0.84071839]
 [-0.504076    1.3879441   0.84668338]
 [-0.4873611   1.3761928   0.84390342]
 [-0.50812566  1.2933056   0.86452872]
 [-0.50293964  1.2939748   0.86467338]
 [-0.49980357  1.3028287   0.8539716 ]
 [-0.49450153  1.2962193   0.85136861]
 [-0.49422026  1.302724    0.85406357]
 [-0.48601469  1.3001151   0.86938375]
 [-0.4799518   1.295127    0.86744344]
 [-0.48089081  1.30077     0.86061847]
 [-0.47737533  1.2962765   0.86076444]
 [-0.47562072  1.2929735   0.87002641]
 [-0.47724482  1.2902111   0.8804394 ]
 [-0.47758132  1.2891119   0.88530964]
 [-0.46366706  1.3679247   0.86474639]
 [-0.46525621  1.3642697   0.86913472]
 [-0.52416867  1.3219181   0.94277757]
 [-0.5039829   1.3427436   0.94046533]
 [-0.50780177  1.344435    0.94421238]
 [-0.55590832  1.3576313   0.86112314]
 [-0.55591643  1.3670222   0.84436089]
 [-0.55649662  1.3621639   0.8649404 ]
 [-0.54878694  1.3618554   0.87267506]
 [-0.55638647  1.3711932   0.8504259 ]
 [-0.55043191  1.3644338   0.8751924 ]
 [-0.50044388  1.3724874   0.83188599]
 [-0.50112903  1.3771538   0.83452541]
 [-0.49681723  1.3779832   0.83349836]
 [-0.49725619  1.3796144   0.83988351]
 [-0.49136299  1.3730094   0.8366906 ]
 [-0.48791626  1.3750271   0.83976674]
 [-0.48581505  1.3789175   0.84062916]
 [-0.48917639  1.3791816   0.83480227]
 [-0.48576781  1.383387    0.83898044]
 [-0.50182688  1.2876278   0.86087054]
 [-0.50231546  1.2873138   0.86649293]
 [-0.49818307  1.2863508   0.86763567]
 [-0.48074913  1.287796    0.88515127]
 [-0.48333013  1.2877816   0.89227611]
 [-0.46812266  1.3731403   0.86973828]
 [-0.46448955  1.3695756   0.86836791]
 [-0.50950682  1.350528    0.94847333]
 [-0.5625329  1.3612124  0.8624236]
 [-0.56049424  1.3664657   0.86167258]
 [-0.56162584  1.3738528   0.85283685]
 [-0.56213182  1.3541847   0.87368459]
 [-0.56222498  1.3576779   0.87778091]
 [-0.55980843  1.3641669   0.87558502]
 [-0.49838683  1.365625    0.82369238]
 [-0.49875459  1.3651826   0.82703221]
 [-0.49319932  1.3625721   0.82471114]
 [-0.494807    1.37437     0.83325499]
 [-0.49068946  1.3743516   0.83141178]
 [-0.49626258  1.3704751   0.82878035]
 [-0.49546352  1.3763231   0.82998532]
 [-0.49657515  1.2803397   0.8854335 ]
 [-0.56637102  1.3584601   0.86021209]
 [-0.56833869  1.359495    0.86452484]
 [-0.564143    1.3623226   0.86480981]
 [-0.56646115  1.3610668   0.86818302]
 [-0.56395572  1.3622214   0.87235457]
 [-0.5678069   1.344298    0.86358297]
 [-0.5630939   1.3436046   0.86439025]
 [-0.56216264  1.3482618   0.86976171]
 [-0.56276143  1.3502392   0.8784489 ]
 [-0.5610767   1.3510936   0.88296896]
 [-0.52125597  1.349833    0.94939685]
 [-0.51832837  1.3497722   0.94944692]
 [-0.57215053  1.3545362   0.85943645]
 [-0.57171565  1.3561246   0.86304986]
 [-0.56732351  1.3512571   0.85234231]
 [-0.57220066  1.361186    0.86808491]
 [-0.57025051  1.3646059   0.86954862]
 [-0.57363069  1.3407784   0.86786544]
 [-0.56785399  1.3375419   0.86080885]
 [-0.56867039  1.3389947   0.86725116]
 [-0.56806403  1.3404272   0.87374318]
 [-0.56372428  1.3421633   0.87162185]
 [-0.56940961  1.34425     0.8552835 ]
 [-0.56320763  1.3389343   0.86637795]
 [-0.56649286  1.3460121   0.85315084]
 [-0.5735997   1.3558338   0.88566935]
 [-0.57530659  1.3638027   0.8817513 ]
 [-0.5708099   1.331527    0.86264813]
 [-0.56516111  1.3338741   0.86521751]
 [-0.56795877  1.3348308   0.86408025]
 [-0.57324094  1.3502237   0.88679165]
 [-0.57193381  1.3496423   0.89306903]
 [-0.57160097  1.3655962   0.8908515 ]
 [-0.57524586  1.3481139   0.88933313]
 [-0.56909567  1.3411319   0.88651681]
pts_ids list 663
 [49041, 49450, 47504, 49440, 105903, 48355, 107363, 47514, 48842, 107846, 49993, 108943, 50981, 106520, 107355, 107847, 49457, 107371, 164146, 104739, 106519, 106518, 49438, 107353, 49449, 106524, 49036, 49439, 49992, 105194, 48313, 48324, 108926, 108412, 108927, 108413, 49968, 106513, 107354, 108928, 50577, 50980, 105904, 51007, 51420, 51157, 50009, 50591, 51216, 51697, 51912, 51690, 104730, 104734, 49425, 49982, 50560, 50545, 49994, 50982, 48356, 48371, 49049, 104299, 46888, 46150, 46893, 105195, 47503, 105907, 106531, 107362, 48354, 47494, 108942, 50979, 108925, 46883, 49024, 108407, 50961, 108408, 108921, 109994, 51411, 50970, 109521, 109526, 108920, 51687, 105189, 48301, 49953, 50544, 50535, 50963, 51679, 51908, 51906, 51688, 51689, 51909, 104295, 104728, 51432, 51013, 50606, 51698, 51913, 50619, 51421, 51433, 161310, 103864, 103612, 104296, 104066, 48325, 106525, 50546, 50983, 49954, 49955, 51699, 103993, 104294, 47513, 46892, 105902, 47502, 48341, 45647, 46603, 105193, 47493, 46887, 107352, 108420, 47485, 109541, 109993, 110778, 104724, 46878, 46879, 46604, 49409, 50528, 107342, 107339, 108403, 108028, 50954, 107340, 50529, 50962, 109517, 51403, 51266, 109985, 51404, 109522, 50530, 109984, 105181, 104725, 105186, 105182, 104726, 105505, 105187, 48302, 49022, 49416, 49018, 105183, 106508, 107341, 49939, 108027, 49019, 49944, 52169, 52170, 52435, 52436, 52430, 52171, 103611, 104727, 107395, 108993, 107852, 107411, 50639, 49066, 50640, 49495, 50058, 49067, 50620, 161153, 105514, 103863, 105513, 105905, 105511, 105620, 48303, 105897, 105507, 49417, 105619, 48839, 49025, 48304, 105510, 49969, 49956, 105196, 106532, 49983, 50561, 51217, 50971, 50984, 51700, 45646, 105192, 105188, 105509, 48323, 49424, 46143, 104293, 47484, 48312, 46875, 105896, 48299, 48300, 49952, 49414, 105504, 47474, 105506, 49415, 47481, 105185, 46142, 46487, 103860, 104723, 104720, 105893, 48836, 49014, 49017, 49937, 50520, 49400, 50521, 51205, 105888, 106507, 107333, 106501, 106502, 107334, 108406, 109516, 51206, 51669, 105502, 106503, 51207, 50955, 51903, 51900, 50951, 49938, 50522, 105176, 104292, 104065, 105178, 103862, 47482, 48290, 107343, 105177, 105503, 106504, 107335, 50523, 105889, 48837, 108914, 52772, 52429, 52428, 52917, 52421, 52420, 52763, 53281, 103409, 51226, 50075, 49494, 50656, 108061, 51048, 50657, 51049, 50641, 50059, 102595, 160666, 160940, 160665, 161154, 48291, 50547, 48372, 45644, 46146, 46145, 105191, 105512, 105508, 47492, 107346, 106509, 105892, 106506, 48289, 107338, 105501, 108401, 108402, 108915, 104289, 105887, 48835, 106500, 105172, 108022, 50945, 50510, 50511, 49012, 50512, 106496, 49389, 51665, 51899, 51895, 51664, 106493, 52014, 51398, 51666, 106497, 50513, 50514, 52165, 52167, 49932, 51202, 50948, 104716, 104721, 105174, 103861, 104064, 103859, 105175, 104717, 104722, 104718, 104719, 105171, 106498, 106494, 105883, 105885, 49933, 53758, 49493, 50655, 107859, 50638, 51470, 49078, 106594, 48452, 48860, 107454, 50076, 106595, 107455, 50672, 51471, 49482, 50041, 49481, 50077, 50078, 50060, 50621, 50622, 50658, 102174, 101814, 102855, 160247, 160249, 160466, 160938, 48392, 48393, 48373, 108405, 49405, 48288, 106505, 49016, 49398, 48834, 48281, 108026, 108399, 108913, 49399, 108908, 50939, 50946, 108019, 107330, 105173, 105170, 48277, 47467, 48273, 106492, 107331, 49925, 49921, 50506, 50940, 50947, 51392, 51658, 105618, 51156, 51387, 51201, 51659, 52011, 108023, 108395, 50507, 51393, 51388, 51660, 51894, 104063, 104286, 104713, 104714, 104287, 103857, 104288, 104284, 104715, 103858, 104285, 48423, 48859, 48451, 49503, 50057, 50074, 50637, 107453, 109023, 108460, 109597, 109008, 51762, 51475, 51763, 48480, 105966, 106593, 106612, 106613, 46948, 47563, 49092, 107474, 48481, 48482, 107475, 49504, 48453, 50659, 51462, 51472, 101465, 101810, 101192, 102854, 100814, 101466, 101811, 100815, 158610, 159406, 157989, 159407, 159405, 47536, 48411, 48412, 48848, 50025, 49056, 109508, 109509, 50499, 51200, 50938, 51653, 51654, 52156, 51893, 52157, 52158, 46190, 105623, 48409, 47554, 105956, 106565, 107410, 50040, 48450, 107435, 108454, 106579, 108052, 46191, 48410, 47584, 108459, 50618, 51026, 109022, 108465, 46958, 48514, 46968, 47616, 47617, 47618, 49525, 48515, 47619, 107476, 107497, 50681, 48483, 157478, 100813, 100817, 100028, 100818, 159043, 157988, 157990, 157479, 157987, 159042, 159404, 50061, 50042, 51651, 52399, 52732, 47547, 46947, 49065, 50024, 48449, 50605, 46224, 105258, 105259, 48516, 46969, 47585, 48517, 47620, 49097, 156581, 156926, 156927, 159171, 159836, 51027, 50623, 53711, 48408, 49480, 49502, 106543, 50008, 50604, 44813, 103635, 103421, 46617, 46522, 45725, 104804, 157985, 47546, 48407, 49064, 49471, 50023, 104304, 104305, 105210, 106530, 107370, 53709, 53710, 46931, 47535, 45678, 49470, 50022, 104301, 103615, 104067, 104737, 104738, 45219, 103994, 45227, 50576, 51006, 103410, 103614, 103613, 49991, 50559, 51696, 49981, 48340]
End_PTSFORFIT
End_CYLINDER
