Begin_CYLINDER
axis_vec ndarray 3 0
 [0 1 0]
err 1000000.0
fit_radius_2d_err 1000000.0
height 1
height_distributon_err 1000000.0
optimize_ang_err 1000000.0
percentage_in_err 1000000.0
percentage_out_err 1000000.0
radius 0.1
radius_err 1000000.0
x_vec ndarray 3 0
 [1 0 0]
y_vec ndarray 3 0
 [0 0 1]
Begin_PTSFORFIT
id 206383
pca_err 1000000.0
pca_vals list 3
 [1, 1, 1]
pca_vecs ndarray 3 3
 [1. 0. 0.]
 [0. 1. 0.]
 [0. 0. 1.]
pt_center ndarray 3 0
 [0 0 0]
pts ndarray 1244 3
 [0.24376369 0.33975929 1.4085033 ]
 [0.24979654 0.33806777 1.4144535 ]
 [0.2434105  0.34238064 1.4089526 ]
 [0.24194881 0.33871537 1.401602  ]
 [0.24258392 0.34235758 1.4020516 ]
 [0.24083303 0.33827612 1.4114083 ]
 [0.24244446 0.33791241 1.4098908 ]
 [0.23973483 0.33937204 1.4159809 ]
 [0.23892301 0.34329391 1.4038528 ]
 [0.23875289 0.34801224 1.4028517 ]
 [0.24328212 0.34604385 1.4049299 ]
 [0.24255085 0.34737435 1.4027803 ]
 [0.24254632 0.34480491 1.4074349 ]
 [0.23740697 0.34907007 1.4077473 ]
 [0.24060956 0.34611097 1.4089314 ]
 [0.23781151 0.34285879 1.4129303 ]
 [0.23844732 0.34315452 1.4083763 ]
 [0.23747087 0.34687483 1.4157401 ]
 [0.23814687 0.34444174 1.4211036 ]
 [0.23731528 0.34262645 1.4164912 ]
 [0.24627638 0.34107769 1.4074613 ]
 [0.24789806 0.34166658 1.4068671 ]
 [0.24820393 0.34257066 1.4059622 ]
 [0.24447925 0.34256923 1.4059446 ]
 [0.25233924 0.34145164 1.412931  ]
 [0.25339419 0.34502289 1.4083763 ]
 [0.25246131 0.34315491 1.408378  ]
 [0.23249044 0.33128783 1.4045321 ]
 [0.23129867 0.33487624 1.4054632 ]
 [0.23464583 0.33479524 1.4072974 ]
 [0.23018482 0.32909408 1.4119465 ]
 [0.23092639 0.34648871 1.4119095 ]
 [0.23399164 0.34735572 1.413438  ]
 [0.23409964 0.34530932 1.4144588 ]
 [0.23296845 0.34894711 1.4091336 ]
 [0.24130389 0.33503041 1.397866  ]
 [0.23784864 0.34466994 1.3993579 ]
 [0.24804153 0.3422032  1.3988591 ]
 [0.24382558 0.34208339 1.3963774 ]
 [0.24474767 0.34572473 1.3999517 ]
 [0.24634188 0.34542039 1.3948919 ]
 [0.24964875 0.34337527 1.397866  ]
 [0.23266457 0.33711112 1.4180298 ]
 [0.23301819 0.33953649 1.4148726 ]
 [0.23234758 0.34519386 1.4167464 ]
 [0.23920102 0.33400169 1.4262456 ]
 [0.23870356 0.346389   1.425561  ]
 [0.23777537 0.34384978 1.4267664 ]
 [0.24336697 0.34703523 1.424751  ]
 [0.23276006 0.35237002 1.4078736 ]
 [0.23306246 0.35115623 1.410395  ]
 [0.23615208 0.35465944 1.4114083 ]
 [0.23271585 0.3547816  1.4081197 ]
 [0.24209744 0.35237023 1.4078727 ]
 [0.24077633 0.35165307 1.4094552 ]
 [0.23773171 0.35489547 1.4104075 ]
 [0.24132551 0.35567081 1.4134549 ]
 [0.2463388  0.35001934 1.405936  ]
 [0.2453936  0.34987634 1.4053574 ]
 [0.24447645 0.35001862 1.4059272 ]
 [0.24859016 0.35176143 1.4129293 ]
 [0.22815007 0.32682085 1.3984287 ]
 [0.2260364  0.32351491 1.3970155 ]
 [0.22670488 0.32447156 1.3951014 ]
 [0.22788168 0.32459602 1.4008529 ]
 [0.22587301 0.32932869 1.399963  ]
 [0.22356525 0.33364892 1.3999908 ]
 [0.22800697 0.33282137 1.4027097 ]
 [0.22688715 0.33499715 1.4018397 ]
 [0.22629383 0.33700854 1.398396  ]
 [0.22404344 0.33894277 1.3985875 ]
 [0.22614743 0.34132811 1.4008684 ]
 [0.22367053 0.34099475 1.3957769 ]
 [0.22780518 0.33893576 1.4043726 ]
 [0.22398162 0.33827612 1.4114083 ]
 [0.22697374 0.34229732 1.412549  ]
 [0.22933118 0.3362076  1.4104125 ]
 [0.22894661 0.34190845 1.4088851 ]
 [0.23135494 0.32630962 1.4053103 ]
 [0.23238109 0.32394099 1.4059308 ]
 [0.2335905  0.32875326 1.4058352 ]
 [0.23205659 0.32535407 1.4119642 ]
 [0.24095915 0.32690769 1.4207565 ]
 [0.23869096 0.32695037 1.4207176 ]
 [0.24030508 0.32301533 1.4211068 ]
 [0.22576629 0.34759495 1.4073489 ]
 [0.22777705 0.34800994 1.4078747 ]
 [0.22425991 0.34701887 1.4013436 ]
 [0.22561117 0.3435235  1.4098908 ]
 [0.22913115 0.34642965 1.4139256 ]
 [0.2269583  0.35259742 1.4066498 ]
 [0.22528887 0.35472083 1.4048253 ]
 [0.22821525 0.35274059 1.4019088 ]
 [0.22797021 0.35351768 1.401346  ]
 [0.22593242 0.35475579 1.4076347 ]
 [0.22957601 0.35466871 1.4058456 ]
 [0.22843286 0.35283163 1.4096128 ]
 [0.22665459 0.34969747 1.411535  ]
 [0.22799899 0.35057527 1.4140127 ]
 [0.22398162 0.3495104  1.4114083 ]
 [0.2325972  0.33938402 1.3894814 ]
 [0.23055831 0.33957127 1.3901905 ]
 [0.23383415 0.34453362 1.3916663 ]
 [0.23148239 0.34416214 1.3901806 ]
 [0.23138911 0.34786245 1.3938295 ]
 [0.2334152  0.34256297 1.3887461 ]
 [0.24530962 0.34258863 1.3934109 ]
 [0.22707509 0.3313683  1.4259692 ]
 [0.22940563 0.33703503 1.4279414 ]
 [0.2287848  0.34243023 1.4267664 ]
 [0.23152076 0.32656878 1.4235536 ]
 [0.23555516 0.32589984 1.4237576 ]
 [0.23600011 0.33689135 1.4298539 ]
 [0.24272098 0.3268238  1.4243513 ]
 [0.23669107 0.32823598 1.4332383 ]
 [0.24142365 0.33250681 1.4280428 ]
 [0.23311175 0.34535298 1.4330037 ]
 [0.23501278 0.34345195 1.4330037 ]
 [0.23471847 0.3465929  1.4283206 ]
 [0.23192875 0.34294283 1.4335264 ]
 [0.231225   0.34271634 1.4335321 ]
 [0.23072235 0.35436502 1.4338373 ]
 [0.24169485 0.34925735 1.4293734 ]
 [0.22332363 0.34453905 1.3963847 ]
 [0.22667757 0.34974068 1.3974584 ]
 [0.2233126  0.35856548 1.4028274 ]
 [0.22890899 0.35925904 1.4129293 ]
 [0.22367644 0.35843444 1.4108196 ]
 [0.22689226 0.35689211 1.4091336 ]
 [0.22672303 0.3617585  1.4129304 ]
 [0.22338073 0.36108571 1.4097226 ]
 [0.23253205 0.35719228 1.4121687 ]
 [0.23281845 0.35793021 1.4149301 ]
 [0.23203357 0.36214745 1.4205832 ]
 [0.21931276 0.31942499 1.3895773 ]
 [0.21987522 0.31757331 1.3884301 ]
 [0.21965867 0.32467055 1.3914464 ]
 [0.22273016 0.32540655 1.3901287 ]
 [0.2194719  0.32401332 1.3887976 ]
 [0.21857807 0.3272981  1.3887826 ]
 [0.22051841 0.32283688 1.3930898 ]
 [0.22231841 0.32820004 1.3906713 ]
 [0.2218892  0.32854947 1.3919963 ]
 [0.22033457 0.32519776 1.3980434 ]
 [0.21965788 0.32903156 1.3951522 ]
 [0.21781904 0.32801053 1.4033422 ]
 [0.22043139 0.33149055 1.393442  ]
 [0.2184464  0.33364874 1.3896065 ]
 [0.21815993 0.33016425 1.3904872 ]
 [0.21924098 0.33563653 1.392771  ]
 [0.21813437 0.33238527 1.3945842 ]
 [0.21754399 0.3332147  1.3941507 ]
 [0.22002283 0.33572182 1.3932153 ]
 [0.22021885 0.33516014 1.3981884 ]
 [0.2206701  0.33004254 1.3963774 ]
 [0.22720678 0.31782964 1.3929163 ]
 [0.22605655 0.31591171 1.3905773 ]
 [0.22876291 0.31667849 1.3905848 ]
 [0.22863111 0.31654581 1.3900797 ]
 [0.22506332 0.32160893 1.3880935 ]
 [0.22715364 0.32170656 1.3963774 ]
 [0.2294748  0.31940237 1.3963559 ]
 [0.22993231 0.31985411 1.3963774 ]
 [0.22415391 0.32768312 1.3929766 ]
 [0.22848912 0.3226482  1.3925167 ]
 [0.22412921 0.32312468 1.3932625 ]
 [0.22360185 0.32244304 1.3915613 ]
 [0.22563219 0.33068869 1.3939608 ]
 [0.22762957 0.33089247 1.394562  ]
 [0.22332175 0.33289251 1.3940558 ]
 [0.2234562  0.32970253 1.3935807 ]
 [0.23209321 0.3180818  1.3926706 ]
 [0.23594499 0.3186191  1.3910886 ]
 [0.23142874 0.3157565  1.3936539 ]
 [0.23274308 0.32051232 1.3992094 ]
 [0.23000495 0.32033807 1.3984525 ]
 [0.23237468 0.31581593 1.3950336 ]
 [0.23152216 0.32068917 1.4016834 ]
 [0.2175106  0.34072343 1.3909495 ]
 [0.21945637 0.34108934 1.3934854 ]
 [0.21702556 0.33716017 1.3923013 ]
 [0.21927954 0.33990145 1.3974251 ]
 [0.21796821 0.34158745 1.3968736 ]
 [0.22260007 0.3412587  1.4004146 ]
 [0.22302137 0.34055457 1.4053574 ]
 [0.22201644 0.33718729 1.4068652 ]
 [0.22375426 0.33604088 1.3944328 ]
 [0.21965462 0.34503025 1.395872  ]
 [0.21844593 0.34866548 1.4003419 ]
 [0.22092025 0.34577703 1.4038527 ]
 [0.22058655 0.34552962 1.4026066 ]
 [0.21696322 0.34540716 1.402351  ]
 [0.22200446 0.34304893 1.4028527 ]
 [0.21663979 0.34776813 1.404299  ]
 [0.22316056 0.34849733 1.4033643 ]
 [0.21773887 0.34851012 1.407369  ]
 [0.22826321 0.3436287  1.3934489 ]
 [0.23953865 0.31850561 1.3952109 ]
 [0.2208709  0.35416234 1.3979366 ]
 [0.21996285 0.35352468 1.404803  ]
 [0.22295566 0.35240009 1.404092  ]
 [0.22212844 0.35000995 1.4058213 ]
 [0.21956183 0.34983414 1.4073083 ]
 [0.22225225 0.35442233 1.4073701 ]
 [0.22148374 0.35375926 1.4093124 ]
 [0.21867913 0.35123783 1.4088171 ]
 [0.21717998 0.35488719 1.410311  ]
 [0.22052217 0.34981793 1.4082509 ]
 [0.21757713 0.35547903 1.4138497 ]
 [0.21965289 0.35834828 1.3961217 ]
 [0.22299615 0.35897771 1.3973826 ]
 [0.21682954 0.36001071 1.401278  ]
 [0.21712616 0.3569732  1.4039062 ]
 [0.2167743  0.36085573 1.4045193 ]
 [0.21952796 0.35585079 1.4068652 ]
 [0.21962814 0.35866877 1.412822  ]
 [0.22210924 0.35887229 1.4114083 ]
 [0.21964255 0.36052892 1.4096873 ]
 [0.21752122 0.35821286 1.4132347 ]
 [0.22148722 0.35655278 1.4093008 ]
 [0.22240907 0.36216852 1.4133103 ]
 [0.22320041 0.35661638 1.4085739 ]
 [0.21672234 0.35893172 1.4190458 ]
 [0.23583762 0.33900923 1.3844219 ]
 [0.23766889 0.34083608 1.3844327 ]
 [0.22953968 0.33540985 1.4285785 ]
 [0.22987777 0.33906993 1.4345716 ]
 [0.22512509 0.34719357 1.4317324 ]
 [0.22518298 0.3486571  1.4299604 ]
 [0.23101766 0.34076717 1.4377176 ]
 [0.23544623 0.34514162 1.4377555 ]
 [0.23117846 0.34801713 1.436702  ]
 [0.22593336 0.35004333 1.4390945 ]
 [0.22362608 0.3500866  1.439055  ]
 [0.22877423 0.35001159 1.4355026 ]
 [0.23155276 0.35287112 1.4374534 ]
 [0.23469491 0.35133001 1.4411138 ]
 [0.23303844 0.3587088  1.4376475 ]
 [0.22106448 0.35819837 1.3944174 ]
 [0.22073495 0.36306953 1.3988221 ]
 [0.21947151 0.36426413 1.4032612 ]
 [0.21751581 0.36470932 1.4050144 ]
 [0.22016732 0.36343974 1.4072853 ]
 [0.21913241 0.36732566 1.4077303 ]
 [0.22296947 0.36353242 1.4040456 ]
 [0.22140284 0.36447161 1.4098908 ]
 [0.22184734 0.36423108 1.4103105 ]
 [0.21764301 0.36531806 1.4128026 ]
 [0.21817493 0.36707726 1.4092801 ]
 [0.22144672 0.36867386 1.4127671 ]
 [0.22234862 0.36800623 1.4129292 ]
 [0.21973157 0.36834556 1.4139986 ]
 [0.22540765 0.36315414 1.4133619 ]
 [0.22355048 0.36338961 1.4126079 ]
 [0.2267082  0.36680818 1.4167464 ]
 [0.22871114 0.36418512 1.4175117 ]
 [0.22464406 0.36824772 1.4177468 ]
 [0.22498785 0.36320215 1.4168642 ]
 [0.22436954 0.36788374 1.4168384 ]
 [0.22628723 0.36411348 1.4148853 ]
 [0.22929887 0.36613303 1.4155476 ]
 [0.23468089 0.36332834 1.4252156 ]
 [0.23039863 0.36631343 1.422124  ]
 [0.21260166 0.31932604 1.3860447 ]
 [0.21506134 0.32094049 1.3836665 ]
 [0.21366632 0.32123104 1.3889813 ]
 [0.21239167 0.32733771 1.3850958 ]
 [0.21300521 0.32411072 1.3830487 ]
 [0.21373686 0.32792944 1.3822199 ]
 [0.21021844 0.32806566 1.3842099 ]
 [0.21383019 0.32505187 1.3905466 ]
 [0.21426979 0.32582149 1.3890107 ]
 [0.21611202 0.32571301 1.3902259 ]
 [0.21053807 0.32340688 1.3930303 ]
 [0.22132766 0.31223172 1.3831222 ]
 [0.21972434 0.31531531 1.3845812 ]
 [0.22067732 0.31490812 1.3829217 ]
 [0.2175048  0.31415042 1.3821491 ]
 [0.22082296 0.31407511 1.3891574 ]
 [0.2188473  0.32080457 1.3846557 ]
 [0.21752293 0.31891167 1.3843217 ]
 [0.2187259  0.31978449 1.3869485 ]
 [0.22301801 0.32062259 1.3854547 ]
 [0.21668139 0.31777287 1.3872237 ]
 [0.22021431 0.32216281 1.3877279 ]
 [0.21698166 0.3159481  1.3828382 ]
 [0.21876715 0.32476172 1.3858624 ]
 [0.22206178 0.32632601 1.3828878 ]
 [0.22118545 0.32256535 1.3843433 ]
 [0.22260776 0.3284066  1.3857845 ]
 [0.22771718 0.31041422 1.3847243 ]
 [0.22479454 0.31472042 1.3860984 ]
 [0.22385812 0.31361723 1.3826522 ]
 [0.22701798 0.31564155 1.3861662 ]
 [0.22387087 0.31230083 1.3875126 ]
 [0.22595048 0.31263208 1.3889813 ]
 [0.22917673 0.31174198 1.3896303 ]
 [0.2287093  0.31184927 1.3883961 ]
 [0.22409856 0.31538078 1.3909687 ]
 [0.22991554 0.31080151 1.3891195 ]
 [0.22762862 0.31992695 1.3861591 ]
 [0.22342014 0.31673196 1.3829417 ]
 [0.22413971 0.32604334 1.3836342 ]
 [0.21616711 0.33171663 1.3842545 ]
 [0.2112011 0.3324427 1.3871073]
 [0.21068288 0.32998359 1.3865421 ]
 [0.21387428 0.33539212 1.387514  ]
 [0.21445434 0.33141717 1.3894876 ]
 [0.21500124 0.33190224 1.3932651 ]
 [0.21387202 0.33206061 1.3886502 ]
 [0.21328244 0.33036739 1.3889813 ]
 [0.21106355 0.33519304 1.3909318 ]
 [0.21444619 0.33463478 1.3885883 ]
 [0.21581072 0.32974368 1.3923539 ]
 [0.21591076 0.3295829  1.3945101 ]
 [0.2143452  0.33197504 1.3951026 ]
 [0.21010447 0.32964706 1.3979377 ]
 [0.21626318 0.32933372 1.3995814 ]
 [0.22036296 0.3305988  1.3872072 ]
 [0.21757305 0.32907331 1.3861914 ]
 [0.21530031 0.33916286 1.3919913 ]
 [0.21272102 0.33686134 1.3916359 ]
 [0.21494299 0.33683488 1.3900448 ]
 [0.21052083 0.33840284 1.3925582 ]
 [0.21438318 0.33878285 1.3945302 ]
 [0.21151476 0.33684358 1.3892465 ]
 [0.21603948 0.33675858 1.3893209 ]
 [0.21197398 0.34211609 1.3939037 ]
 [0.21263628 0.34133387 1.3983644 ]
 [0.21463419 0.33619177 1.3968966 ]
 [0.21116424 0.3418144  1.4027886 ]
 [0.23217569 0.31207123 1.392682  ]
 [0.23221767 0.31208754 1.3934116 ]
 [0.23190795 0.31100717 1.39279   ]
 [0.2354859  0.31447303 1.3910961 ]
 [0.23586895 0.31015936 1.3914732 ]
 [0.23365748 0.31499881 1.3882463 ]
 [0.23622215 0.31039298 1.3934119 ]
 [0.23172034 0.31365553 1.3976253 ]
 [0.23645161 0.31145263 1.3967818 ]
 [0.23223467 0.31351113 1.4047095 ]
 [0.23325254 0.31152251 1.4033521 ]
 [0.23613887 0.31197703 1.4065161 ]
 [0.23877685 0.31311128 1.3993579 ]
 [0.23756707 0.31225631 1.3955394 ]
 [0.23877685 0.30939847 1.3993579 ]
 [0.23781399 0.31063023 1.4012001 ]
 [0.23689331 0.31572208 1.3951107 ]
 [0.23691778 0.30985284 1.405591  ]
 [0.21054497 0.34580147 1.3983009 ]
 [0.21545109 0.34392735 1.3991468 ]
 [0.21295376 0.34609202 1.4037865 ]
 [0.2132425  0.34354681 1.4023511 ]
 [0.21112938 0.34371948 1.4068652 ]
 [0.21312308 0.3433018  1.4012995 ]
 [0.21277326 0.34433499 1.4114097 ]
 [0.21438897 0.34726423 1.4098908 ]
 [0.21464133 0.35066319 1.3990602 ]
 [0.21030132 0.35275695 1.399524  ]
 [0.21095303 0.35373032 1.4057596 ]
 [0.21431199 0.35520834 1.4042716 ]
 [0.21375594 0.3492007  1.4115564 ]
 [0.21639937 0.35322306 1.4107682 ]
 [0.21064824 0.35381049 1.4098908 ]
 [0.21630593 0.35210001 1.4098657 ]
 [0.21590412 0.35382658 1.4136914 ]
 [0.21124421 0.34920606 1.4134628 ]
 [0.21397385 0.35779214 1.3997644 ]
 [0.21504468 0.36135945 1.3992662 ]
 [0.21497811 0.36136976 1.4078093 ]
 [0.21213596 0.35760522 1.4123209 ]
 [0.21260901 0.36103219 1.4087631 ]
 [0.21420011 0.35655659 1.413578  ]
 [0.21123683 0.3581349  1.4083862 ]
 [0.21339284 0.36175948 1.4182742 ]
 [0.21154074 0.35659993 1.4171768 ]
 [0.2135493  0.36547199 1.4076819 ]
 [0.21248412 0.36387402 1.4017038 ]
 [0.21041471 0.36314952 1.4024304 ]
 [0.21211503 0.36477065 1.4110293 ]
 [0.2135772  0.36623144 1.4129186 ]
 [0.21333276 0.36615175 1.4090573 ]
 [0.21422623 0.36738142 1.4129292 ]
 [0.21277305 0.36266026 1.4115773 ]
 [0.21201608 0.36834428 1.4190458 ]
 [0.2127997  0.36400583 1.4229176 ]
 [0.21719247 0.35782376 1.422124  ]
 [0.23604263 0.35348272 1.4457834 ]
 [0.23384346 0.35647374 1.4421703 ]
 [0.23342508 0.36810964 1.4290994 ]
 [0.23433851 0.36383387 1.4479314 ]
 [0.21305841 0.37072393 1.4112633 ]
 [0.21085881 0.37297279 1.4115001 ]
 [0.21485102 0.37050542 1.4129293 ]
 [0.21577634 0.36968166 1.4129566 ]
 [0.21645421 0.3715004  1.4141871 ]
 [0.21961328 0.37330559 1.4137357 ]
 [0.21719381 0.37179074 1.4135389 ]
 [0.212677   0.37194759 1.4184322 ]
 [0.21227679 0.37373808 1.4180866 ]
 [0.21145475 0.3701809  1.4182199 ]
 [0.21224578 0.37157017 1.4205832 ]
 [0.21950251 0.37185717 1.4178863 ]
 [0.22189672 0.37246892 1.4180242 ]
 [0.21924716 0.37285739 1.4159482 ]
 [0.21917352 0.37558711 1.4175144 ]
 [0.21752588 0.3741439  1.4194024 ]
 [0.22319807 0.37119055 1.4189265 ]
 [0.22306973 0.37546799 1.4175117 ]
 [0.22388637 0.37201208 1.4169241 ]
 [0.22930187 0.37169632 1.4190819 ]
 [0.22522558 0.37520611 1.416378  ]
 [0.22804229 0.36957797 1.4164046 ]
 [0.22603925 0.37569377 1.4192169 ]
 [0.22355309 0.37439701 1.4205832 ]
 [0.22585642 0.37275064 1.4271204 ]
 [0.22568241 0.37197465 1.4221257 ]
 [0.22797674 0.37425071 1.4219313 ]
 [0.2251842  0.36951682 1.4229435 ]
 [0.22978449 0.37317038 1.4265872 ]
 [0.22883014 0.37531829 1.4230959 ]
 [0.2298879  0.37249476 1.4277377 ]
 [0.22468504 0.37573642 1.4220744 ]
 [0.20599669 0.31398904 1.3787575 ]
 [0.20621355 0.31157309 1.3802088 ]
 [0.20420064 0.31232935 1.3857034 ]
 [0.20366138 0.31264555 1.383608  ]
 [0.20812771 0.30950874 1.3822411 ]
 [0.20468141 0.31920472 1.3778216 ]
 [0.20995092 0.3217169  1.3807341 ]
 [0.20548685 0.31728953 1.3825147 ]
 [0.20699531 0.32240352 1.3836243 ]
 [0.20934652 0.31690344 1.3870312 ]
 [0.20566471 0.32066017 1.3928944 ]
 [0.20873691 0.32584539 1.3848742 ]
 [0.2084277  0.32854244 1.386126  ]
 [0.20455968 0.32437927 1.387803  ]
 [0.20829096 0.32763976 1.3923534 ]
 [0.20778072 0.32316613 1.3907003 ]
 [0.20482975 0.32766312 1.3899814 ]
 [0.20375867 0.32419705 1.3907309 ]
 [0.20380645 0.32654762 1.3894478 ]
 [0.20347606 0.32802159 1.3914298 ]
 [0.21339735 0.31267226 1.3771975 ]
 [0.21331295 0.31398904 1.3787575 ]
 [0.21244101 0.31092742 1.3771176 ]
 [0.21461613 0.31318122 1.3794492 ]
 [0.21107271 0.31099373 1.377871  ]
 [0.21014287 0.3095389  1.378798  ]
 [0.21086371 0.32183534 1.3773899 ]
 [0.21623465 0.32082516 1.3797591 ]
 [0.21273452 0.31631711 1.380936  ]
 [0.21908158 0.31260848 1.3789489 ]
 [0.21765673 0.31091851 1.3773092 ]
 [0.22004311 0.30911648 1.3768904 ]
 [0.22001344 0.31440455 1.3807988 ]
 [0.22184263 0.31394801 1.3808086 ]
 [0.21877757 0.3196992  1.379995  ]
 [0.2209124  0.32592624 1.3799903 ]
 [0.2199012  0.32317027 1.3792721 ]
 [0.2173821  0.32755193 1.3785089 ]
 [0.20681728 0.32831118 1.396101  ]
 [0.20516606 0.32467204 1.3953186 ]
 [0.20408954 0.32568204 1.3948919 ]
 [0.20795549 0.33322045 1.3877568 ]
 [0.20690088 0.33146158 1.3922274 ]
 [0.20794463 0.33253157 1.3894542 ]
 [0.20927182 0.3333146  1.3900492 ]
 [0.20899996 0.33445048 1.3914585 ]
 [0.20613295 0.33490947 1.393875  ]
 [0.20902155 0.33230245 1.3959002 ]
 [0.20556012 0.33489552 1.4002775 ]
 [0.20354767 0.33450779 1.3990787 ]
 [0.20470636 0.33431756 1.3948919 ]
 [0.20919588 0.32910523 1.3966591 ]
 [0.21117517 0.30792794 1.3764364 ]
 [0.21696267 0.30396646 1.3777738 ]
 [0.21686175 0.30878672 1.3786596 ]
 [0.22132766 0.30856007 1.3831222 ]
 [0.22271469 0.30369681 1.3860447 ]
 [0.21894254 0.30867669 1.3821428 ]
 [0.2182885 0.3036283 1.3815199]
 [0.22318655 0.30802551 1.3889813 ]
 [0.2274176  0.30493659 1.3794079 ]
 [0.2255033  0.30709043 1.380842  ]
 [0.22758687 0.30246434 1.3765268 ]
 [0.2240812  0.30326563 1.3760818 ]
 [0.22343954 0.30882961 1.3764952 ]
 [0.22933091 0.30641359 1.3843523 ]
 [0.22566541 0.30426022 1.3822212 ]
 [0.22334285 0.30717164 1.3839313 ]
 [0.22358568 0.30741781 1.3822836 ]
 [0.22667083 0.30438626 1.3934095 ]
 [0.22434552 0.30650759 1.3904543 ]
 [0.22655052 0.30884302 1.3926699 ]
 [0.22492129 0.31365579 1.3776872 ]
 [0.22807986 0.30873948 1.3963774 ]
 [0.23214351 0.30416134 1.3875086 ]
 [0.23001596 0.30241075 1.3851525 ]
 [0.23226428 0.30664062 1.3910991 ]
 [0.23491229 0.30713665 1.3933216 ]
 [0.23371537 0.30552003 1.3985047 ]
 [0.20708546 0.33587462 1.3860447 ]
 [0.20807284 0.33748084 1.392673  ]
 [0.20747732 0.33829641 1.3944836 ]
 [0.20771855 0.33702174 1.3938614 ]
 [0.20343527 0.33603427 1.3943375 ]
 [0.2077679  0.34163243 1.3982974 ]
 [0.20439836 0.33809751 1.3963974 ]
 [0.20417689 0.33974242 1.3997606 ]
 [0.20616773 0.34169683 1.3948286 ]
 [0.20415905 0.32901582 1.4038527 ]
 [0.20412715 0.33921507 1.4057227 ]
 [0.20813173 0.33626834 1.4021399 ]
 [0.20920053 0.34218416 1.4042768 ]
 [0.20834044 0.34564021 1.3945838 ]
 [0.20820624 0.34422329 1.3972956 ]
 [0.20636556 0.34884179 1.3972578 ]
 [0.20389068 0.34522134 1.3955992 ]
 [0.20395    0.34849051 1.3997519 ]
 [0.20919983 0.34404454 1.4042724 ]
 [0.20713021 0.34389326 1.4114083 ]
 [0.20643991 0.34773183 1.4098908 ]
 [0.20899791 0.34589019 1.409577  ]
 [0.20386375 0.34428236 1.4103479 ]
 [0.20855363 0.34315452 1.4083763 ]
 [0.23825206 0.3084856  1.3911232 ]
 [0.2374195  0.30737388 1.398518  ]
 [0.23800056 0.30722761 1.3949666 ]
 [0.22751956 0.30293408 1.4051287 ]
 [0.2287191  0.30504385 1.4025685 ]
 [0.23490255 0.30484957 1.4061568 ]
 [0.2319793  0.30603024 1.4022033 ]
 [0.23175247 0.30352542 1.4060832 ]
 [0.23585881 0.30732501 1.4068668 ]
 [0.23627192 0.30892962 1.4028527 ]
 [0.23852913 0.30706716 1.4020164 ]
 [0.22951056 0.30392173 1.4107052 ]
 [0.2352159  0.30644569 1.4114083 ]
 [0.2343087  0.30264419 1.4122252 ]
 [0.2376136  0.30359721 1.4126759 ]
 [0.20730112 0.35135755 1.3982725 ]
 [0.20777741 0.35056207 1.397495  ]
 [0.20963258 0.35291675 1.3987539 ]
 [0.20890169 0.34921509 1.3953172 ]
 [0.20786327 0.35165149 1.4068652 ]
 [0.20390658 0.35371903 1.4044755 ]
 [0.20509022 0.3550888  1.4038527 ]
 [0.20394067 0.35284865 1.4023511 ]
 [0.20827979 0.35077497 1.4133153 ]
 [0.20417181 0.35230687 1.4187441 ]
 [0.20684907 0.35981357 1.4061397 ]
 [0.20983684 0.35815024 1.4028176 ]
 [0.20377284 0.35697508 1.4076208 ]
 [0.20690751 0.36035678 1.4098908 ]
 [0.207931   0.35747954 1.4083775 ]
 [0.20407051 0.36152053 1.410612  ]
 [0.20884125 0.36116198 1.4092487 ]
 [0.20340702 0.36149222 1.413622  ]
 [0.20371446 0.36226642 1.4136914 ]
 [0.20703949 0.36640996 1.4076124 ]
 [0.20933563 0.36693433 1.4061351 ]
 [0.20685279 0.3650943  1.4127121 ]
 [0.20492178 0.36462116 1.4117438 ]
 [0.20897506 0.36596054 1.4106241 ]
 [0.20382428 0.36621404 1.4144535 ]
 [0.20370582 0.36655328 1.4155341 ]
 [0.20931248 0.36931053 1.4126422 ]
 [0.2058365  0.37393641 1.4181477 ]
 [0.20448603 0.37210929 1.4190458 ]
 [0.20789537 0.37068984 1.4166187 ]
 [0.20657228 0.37104076 1.414775  ]
 [0.20342202 0.37225842 1.4193416 ]
 [0.20858602 0.37123713 1.4151479 ]
 [0.20458731 0.36956888 1.4162934 ]
 [0.20896615 0.37546799 1.4175117 ]
 [0.20430635 0.37528503 1.420104  ]
 [0.20515212 0.37521005 1.4236681 ]
 [0.21178967 0.37304273 1.42688   ]
 [0.23515053 0.36158922 1.4524904 ]
 [0.23347934 0.3690525  1.4490147 ]
 [0.20840654 0.38086393 1.415269  ]
 [0.20821111 0.37622407 1.4196863 ]
 [0.20844449 0.3766647  1.414771  ]
 [0.21377216 0.3772231  1.4145414 ]
 [0.21573231 0.38234058 1.4136589 ]
 [0.2145749  0.37856892 1.4195229 ]
 [0.2131176  0.37623096 1.4180231 ]
 [0.21559447 0.37717086 1.4201531 ]
 [0.21621066 0.38159668 1.4154568 ]
 [0.22258846 0.37653434 1.4144535 ]
 [0.21968539 0.37787759 1.4190327 ]
 [0.21978399 0.37769496 1.4205832 ]
 [0.21738175 0.37613907 1.4172056 ]
 [0.22228351 0.37620717 1.4198281 ]
 [0.2193078  0.38208458 1.4209263 ]
 [0.22610418 0.37876141 1.419922  ]
 [0.22589721 0.38020459 1.420962  ]
 [0.20877263 0.37935972 1.4242715 ]
 [0.20569012 0.38146576 1.4273103 ]
 [0.20450819 0.37612325 1.4227078 ]
 [0.21462506 0.37901801 1.4234225 ]
 [0.21294764 0.37951958 1.422124  ]
 [0.21215339 0.37605748 1.4269865 ]
 [0.22090946 0.37956759 1.4255621 ]
 [0.22100447 0.37726432 1.4240239 ]
 [0.2184892  0.37663543 1.4240146 ]
 [0.21912903 0.38185731 1.4243653 ]
 [0.21860743 0.38046288 1.422124  ]
 [0.21854576 0.38111866 1.4270948 ]
 [0.22279736 0.38145697 1.4255668 ]
 [0.22091945 0.37662587 1.42134   ]
 [0.22592719 0.37615436 1.4236681 ]
 [0.227965   0.37802619 1.4214051 ]
 [0.22439623 0.38184959 1.423685  ]
 [0.22957785 0.37968069 1.4225181 ]
 [0.23114537 0.37859198 1.418383  ]
 [0.23073396 0.38182622 1.4198896 ]
 [0.23171549 0.38172007 1.4275218 ]
 [0.22295053 0.3805435  1.4336401 ]
 [0.23358198 0.3763808  1.4301611 ]
 [0.23629899 0.37860486 1.4312161 ]
 [0.23177318 0.38194975 1.4344223 ]
 [0.19885379 0.30571774 1.3736881 ]
 [0.200684   0.30843449 1.3706467 ]
 [0.20180658 0.30336371 1.3741535 ]
 [0.20121561 0.30579194 1.3812517 ]
 [0.20253804 0.30841714 1.3758396 ]
 [0.19973053 0.30645493 1.3860447 ]
 [0.19875634 0.30550021 1.3861008 ]
 [0.201039  0.3061372 1.3829417]
 [0.20202896 0.30553555 1.3860447 ]
 [0.19874367 0.30762592 1.3827314 ]
 [0.1980655  0.30396438 1.3872679 ]
 [0.19760846 0.30900669 1.385249  ]
 [0.20312113 0.3087779  1.3840944 ]
 [0.20068297 0.31115803 1.3706404 ]
 [0.19948968 0.31471524 1.3742108 ]
 [0.20227456 0.31471115 1.3741108 ]
 [0.20053861 0.31425118 1.3798342 ]
 [0.20322327 0.31084049 1.3769999 ]
 [0.19759522 0.31129369 1.3751649 ]
 [0.19878682 0.3128719  1.3856097 ]
 [0.19854787 0.31313014 1.387038  ]
 [0.20106427 0.3117902  1.3818692 ]
 [0.19764233 0.30990404 1.3834865 ]
 [0.19767848 0.31519741 1.3864851 ]
 [0.19963264 0.31881052 1.3798059 ]
 [0.19989257 0.31805485 1.380695  ]
 [0.197402   0.31710672 1.3841267 ]
 [0.20185268 0.31596291 1.3864114 ]
 [0.20314519 0.32236525 1.3860373 ]
 [0.2071926  0.30597812 1.3715487 ]
 [0.20717628 0.30645168 1.3699217 ]
 [0.20615944 0.30361599 1.3715968 ]
 [0.20783901 0.30603024 1.3690821 ]
 [0.20489226 0.30564913 1.3741497 ]
 [0.20349841 0.30634993 1.3694766 ]
 [0.20940909 0.3061201  1.3685272 ]
 [0.20848604 0.30878967 1.3686831 ]
 [0.20416763 0.30484372 1.3787575 ]
 [0.20556439 0.30785441 1.375864  ]
 [0.20364788 0.30421662 1.3775543 ]
 [0.20604621 0.30260447 1.380376  ]
 [0.20923039 0.3040497  1.3752557 ]
 [0.20432767 0.30572969 1.3825585 ]
 [0.20715022 0.31311879 1.3722659 ]
 [0.20788674 0.31122446 1.3719951 ]
 [0.20780486 0.3112191  1.3728734 ]
 [0.20537645 0.31459889 1.3698695 ]
 [0.2078619  0.31184065 1.3687118 ]
 [0.20351559 0.31173691 1.3692261 ]
 [0.20960824 0.30983871 1.3728324 ]
 [0.20783892 0.31785235 1.3720888 ]
 [0.20519048 0.31691992 1.3719914 ]
 [0.20329566 0.31603298 1.3720715 ]
 [0.21239726 0.30662081 1.3713673 ]
 [0.21379046 0.30618957 1.3734425 ]
 [0.21415511 0.30711219 1.3728603 ]
 [0.21532099 0.3064419  1.3700037 ]
 [0.21574774 0.30542204 1.3702054 ]
 [0.21557699 0.30489656 1.3697752 ]
 [0.21064106 0.30494511 1.3699654 ]
 [0.21525633 0.3090266  1.3733135 ]
 [0.21249436 0.31156826 1.3734623 ]
 [0.21137534 0.31273252 1.3735507 ]
 [0.21316706 0.31379026 1.3742242 ]
 [0.21008888 0.31468698 1.3692497 ]
 [0.21221381 0.31619561 1.3702075 ]
 [0.21317157 0.31742159 1.374209  ]
 [0.2131439  0.31654125 1.3742683 ]
 [0.21010278 0.31757063 1.373158  ]
 [0.19831108 0.32000259 1.3889813 ]
 [0.20107502 0.32092392 1.3889813 ]
 [0.19837379 0.31997541 1.3884879 ]
 [0.19921295 0.32422614 1.3908094 ]
 [0.19887492 0.3243497  1.3913989 ]
 [0.20119971 0.32838434 1.3928738 ]
 [0.19902401 0.32706526 1.3941972 ]
 [0.20253177 0.3226999  1.3926699 ]
 [0.19769596 0.32631835 1.3985618 ]
 [0.19893596 0.32864118 1.3957914 ]
 [0.20201951 0.33038524 1.3907164 ]
 [0.19762561 0.33160102 1.3938267 ]
 [0.19896145 0.33255783 1.3978659 ]
 [0.19996408 0.33330539 1.3963727 ]
 [0.20287609 0.33252135 1.3971571 ]
 [0.19743979 0.33506256 1.3987062 ]
 [0.20237368 0.32924679 1.3965425 ]
 [0.20309351 0.33463103 1.3958081 ]
 [0.22014396 0.30390185 1.3719913 ]
 [0.21989959 0.30656224 1.3731277 ]
 [0.21811381 0.30709881 1.3728762 ]
 [0.21989866 0.3040553  1.3743325 ]
 [0.21674614 0.30678165 1.3726959 ]
 [0.21664283 0.30297965 1.3723073 ]
 [0.21896365 0.31002286 1.3744559 ]
 [0.22395849 0.30313733 1.3715258 ]
 [0.22361715 0.30425626 1.3743473 ]
 [0.22839618 0.31017834 1.371541  ]
 [0.20189206 0.32874703 1.4053574 ]
 [0.19764531 0.32496867 1.4017017 ]
 [0.19831872 0.33123282 1.4053574 ]
 [0.19835959 0.33238465 1.4023511 ]
 [0.20115012 0.33052427 1.4023511 ]
 [0.19901548 0.34100226 1.3964754 ]
 [0.19936706 0.34115717 1.3963774 ]
 [0.20103589 0.33862907 1.3954899 ]
 [0.19906285 0.33633104 1.3974938 ]
 [0.20183699 0.34208336 1.3963774 ]
 [0.20281963 0.33765057 1.3946447 ]
 [0.19857198 0.33832762 1.4038527 ]
 [0.19951634 0.33692575 1.4031879 ]
 [0.19694155 0.33863798 1.4019011 ]
 [0.20904686 0.29878154 1.3707789 ]
 [0.20946521 0.29929161 1.3709065 ]
 [0.207866   0.29628128 1.3729826 ]
 [0.20400883 0.30143017 1.3715479 ]
 [0.20834325 0.30128244 1.3688664 ]
 [0.20621355 0.29692516 1.3802088 ]
 [0.20497008 0.29944029 1.3749818 ]
 [0.20361893 0.30161771 1.3849503 ]
 [0.21514577 0.29937181 1.3700289 ]
 [0.21288437 0.30111486 1.3701133 ]
 [0.21350478 0.30082324 1.3691406 ]
 [0.21275975 0.29862916 1.3742559 ]
 [0.21266216 0.30080056 1.3686831 ]
 [0.21481548 0.30096206 1.3688645 ]
 [0.21656381 0.30095354 1.3726959 ]
 [0.21473587 0.30192253 1.3785849 ]
 [0.21624362 0.29972911 1.3828907 ]
 [0.21831188 0.29968166 1.3721956 ]
 [0.22195451 0.29966128 1.3737063 ]
 [0.22256458 0.29904744 1.3693451 ]
 [0.21922129 0.30088812 1.368435  ]
 [0.21826456 0.29697087 1.3736165 ]
 [0.22156797 0.2961897  1.3745261 ]
 [0.21951157 0.30171353 1.3838222 ]
 [0.2207887  0.30059838 1.3816632 ]
 [0.22444597 0.30122116 1.3742151 ]
 [0.22409248 0.29624715 1.3790479 ]
 [0.22924593 0.30173981 1.379424  ]
 [0.22802131 0.29613811 1.3804833 ]
 [0.2250288  0.30221024 1.3807003 ]
 [0.22792144 0.30021805 1.3822281 ]
 [0.227136   0.29760697 1.3981169 ]
 [0.2321782  0.29863781 1.3874545 ]
 [0.23274258 0.3019284  1.3823397 ]
 [0.23216085 0.3013961  1.3874815 ]
 [0.23398219 0.2962057  1.3911939 ]
 [0.22325912 0.29688397 1.402366  ]
 [0.2395438 0.2964246 1.4038527]
 [0.23783755 0.29794034 1.4066138 ]
 [0.24101913 0.29594886 1.401602  ]
 [0.20057866 0.34468701 1.3919303 ]
 [0.19894332 0.34505332 1.3934095 ]
 [0.20222816 0.34793797 1.3931148 ]
 [0.19957447 0.3448686  1.3963948 ]
 [0.20307194 0.34578827 1.3963774 ]
 [0.19822973 0.3435699  1.3948919 ]
 [0.19665304 0.34255433 1.3982426 ]
 [0.19878481 0.34801197 1.4053574 ]
 [0.198927   0.34266451 1.4063625 ]
 [0.19704425 0.33489189 1.4129293 ]
 [0.20233877 0.34065682 1.411128  ]
 [0.19662049 0.33697724 1.4098908 ]
 [0.19960949 0.34392148 1.4106381 ]
 [0.19965194 0.34654999 1.4136467 ]
 [0.20285074 0.34540108 1.4091598 ]
 [0.19666147 0.34726298 1.4124222 ]
 [0.20307502 0.34800231 1.4084004 ]
 [0.20285589 0.35097179 1.3948919 ]
 [0.20047173 0.35354805 1.4046067 ]
 [0.20086445 0.35211807 1.4068652 ]
 [0.20064916 0.34987634 1.4053574 ]
 [0.20143905 0.35060373 1.4076222 ]
 [0.20320633 0.35091814 1.4016646 ]
 [0.19964071 0.35325515 1.4114083 ]
 [0.19868892 0.3532443  1.4105898 ]
 [0.19949004 0.35188726 1.4094778 ]
 [0.19942604 0.35100496 1.4098908 ]
 [0.2014142 0.3526293 1.4087296]
 [0.19891864 0.35551023 1.4129293 ]
 [0.20047864 0.34454286 1.4172363 ]
 [0.19840904 0.34594661 1.4159809 ]
 [0.19840904 0.34312895 1.4159809 ]
 [0.20309924 0.34276173 1.4193485 ]
 [0.19759899 0.35455641 1.4173598 ]
 [0.19740976 0.35223445 1.4212054 ]
 [0.24627548 0.29685545 1.4038128 ]
 [0.22574414 0.29932779 1.4128907 ]
 [0.22934602 0.29697329 1.4105031 ]
 [0.23304214 0.29947388 1.411272  ]
 [0.23226933 0.2964786  1.4117905 ]
 [0.23507328 0.29639578 1.4130015 ]
 [0.23319086 0.29654378 1.4085096 ]
 [0.23767817 0.29730088 1.4120563 ]
 [0.24832255 0.29895616 1.4114083 ]
 [0.24912402 0.29610169 1.4124675 ]
 [0.24787876 0.2965979  1.4083155 ]
 [0.22751561 0.30063373 1.4146959 ]
 [0.22954993 0.30198032 1.4147568 ]
 [0.22617956 0.30612779 1.418293  ]
 [0.22623612 0.30755743 1.4165622 ]
 [0.23385604 0.29762048 1.4200107 ]
 [0.23422419 0.30050805 1.4148113 ]
 [0.23565155 0.30076236 1.4150771 ]
 [0.23623306 0.30306965 1.4175117 ]
 [0.24033855 0.29795259 1.4151059 ]
 [0.19962686 0.35790402 1.4105798 ]
 [0.20164266 0.35760579 1.4123216 ]
 [0.20223264 0.35675004 1.4102349 ]
 [0.19862354 0.36042416 1.4175117 ]
 [0.20083806 0.36018535 1.4162976 ]
 [0.20095406 0.35791785 1.4147792 ]
 [0.200647   0.36229515 1.416623  ]
 [0.1981972  0.34797299 1.4239795 ]
 [0.19800599 0.350943   1.4216349 ]
 [0.20242584 0.3552874  1.4224589 ]
 [0.20038654 0.35680786 1.4243038 ]
 [0.19738324 0.35971034 1.422124  ]
 [0.20179808 0.36503932 1.4173594 ]
 [0.20207626 0.36456901 1.418149  ]
 [0.20252395 0.36603764 1.4166262 ]
 [0.20037332 0.36459303 1.422415  ]
 [0.19926983 0.36348352 1.422124  ]
 [0.19979788 0.36860707 1.4226917 ]
 [0.1979555  0.37037182 1.4257377 ]
 [0.20165518 0.37060899 1.4223175 ]
 [0.20225573 0.37024736 1.4224107 ]
 [0.20225395 0.37495875 1.4223996 ]
 [0.19691208 0.37518907 1.4258034 ]
 [0.19845948 0.36356854 1.4298782 ]
 [0.1978943  0.36376095 1.4301426 ]
 [0.20057508 0.37156129 1.4314393 ]
 [0.20013811 0.3726466  1.4283206 ]
 [0.19794196 0.37386882 1.4330053 ]
 [0.1991899  0.37454182 1.4283223 ]
 [0.19966665 0.37649307 1.4316789 ]
 [0.20225324 0.38064048 1.4298782 ]
 [0.19894642 0.37720561 1.428841  ]
 [0.1969924  0.37767211 1.4330049 ]
 [0.20273973 0.37945026 1.4285747 ]
 [0.20456843 0.37791172 1.4281667 ]
 [0.2347209  0.36829084 1.4573649 ]
 [0.23460145 0.37202862 1.4547075 ]
 [0.20612966 0.38396195 1.4208596 ]
 [0.20846823 0.3877565  1.4278071 ]
 [0.21655387 0.38665798 1.4151636 ]
 [0.21623349 0.3846148  1.4212594 ]
 [0.21813355 0.38814402 1.4180231 ]
 [0.21691446 0.38570964 1.4178416 ]
 [0.22118887 0.38585028 1.4209265 ]
 [0.2175301  0.38848799 1.4166833 ]
 [0.21734937 0.38835716 1.4210968 ]
 [0.22032186 0.38500348 1.427428  ]
 [0.22081357 0.38376653 1.4270995 ]
 [0.21681875 0.38542545 1.4258646 ]
 [0.21827018 0.38396597 1.4274261 ]
 [0.22038738 0.38333309 1.4275435 ]
 [0.22666609 0.38780949 1.4244162 ]
 [0.22425325 0.38490242 1.4247071 ]
 [0.22424924 0.38458148 1.4263281 ]
 [0.22924066 0.38364473 1.4219047 ]
 [0.23625059 0.38659319 1.4168797 ]
 [0.23272616 0.3859618  1.4229506 ]
 [0.20056884 0.38464224 1.4318879 ]
 [0.20174481 0.38527456 1.4330037 ]
 [0.20222007 0.38242301 1.4330037 ]
 [0.2023948  0.38260704 1.4332386 ]
 [0.20857616 0.38759574 1.4298782 ]
 [0.21323478 0.38548693 1.4314393 ]
 [0.21173032 0.38355735 1.4316627 ]
 [0.21294001 0.38882789 1.431713  ]
 [0.21929668 0.38482115 1.4305247 ]
 [0.21967871 0.38749963 1.428477  ]
 [0.22315006 0.38524625 1.4302133 ]
 [0.21843612 0.38805154 1.4336087 ]
 [0.22688113 0.38553038 1.4312675 ]
 [0.22644146 0.38349831 1.433789  ]
 [0.22929478 0.38673186 1.4333564 ]
 [0.22423071 0.38736287 1.433331  ]
 [0.23392074 0.38704887 1.4324014 ]
 [0.23001389 0.38314393 1.4318072 ]
 [0.23686573 0.38875678 1.414602  ]
 [0.23852892 0.38616404 1.4153868 ]
 [0.23662172 0.38854104 1.4343734 ]
 [0.21058187 0.37764522 1.4363136 ]
 [0.21161447 0.38526466 1.4384905 ]
 [0.21249273 0.38370323 1.4365736 ]
 [0.22054812 0.37909168 1.4354069 ]
 [0.22905831 0.38751021 1.4364338 ]
 [0.22982575 0.38346106 1.4375587 ]
 [0.2239334  0.38887721 1.4366995 ]
 [0.23398374 0.38555676 1.4407119 ]
 [0.23267442 0.38695163 1.4353293 ]
 [0.23737238 0.38470283 1.4351835 ]
 [0.23758624 0.38320705 1.4407521 ]
 [0.19623931 0.30525002 1.3807075 ]
 [0.20228209 0.30181205 1.373533  ]
 [0.20233858 0.29935652 1.3787575 ]
 [0.19875546 0.30090135 1.3802285 ]
 [0.20035015 0.30213225 1.3749595 ]
 [0.19669776 0.30204934 1.3807172 ]
 [0.19426291 0.30484155 1.3845456 ]
 [0.19337538 0.3055751  1.3821447 ]
 [0.19373669 0.30753413 1.382636  ]
 [0.19182992 0.3071759  1.3865337 ]
 [0.19576782 0.30904624 1.3828908 ]
 [0.19190827 0.3116262  1.3840944 ]
 [0.19410929 0.31065297 1.3843225 ]
 [0.19439751 0.31116802 1.387574  ]
 [0.19922844 0.29988071 1.38369   ]
 [0.20168452 0.30203152 1.382636  ]
 [0.19503905 0.30221662 1.3919303 ]
 [0.19134596 0.30221662 1.3919303 ]
 [0.19269577 0.30380699 1.3883514 ]
 [0.19315134 0.30396968 1.3880163 ]
 [0.19356643 0.31491742 1.3908963 ]
 [0.19394296 0.31252182 1.3884913 ]
 [0.19240108 0.31421053 1.3938415 ]
 [0.19528842 0.31894615 1.3923681 ]
 [0.19558497 0.31810725 1.3914384 ]
 [0.19583479 0.31865683 1.3940313 ]
 [0.19230521 0.32216033 1.3941152 ]
 [0.19154507 0.32690939 1.3942512 ]
 [0.19652236 0.32289958 1.3945955 ]
 [0.21388656 0.29901302 1.3671864 ]
 [0.21255632 0.30165741 1.3643399 ]
 [0.213061   0.29878891 1.3674409 ]
 [0.21062657 0.29957998 1.3672558 ]
 [0.21535198 0.30389756 1.3668298 ]
 [0.19005497 0.31417856 1.3997662 ]
 [0.19295658 0.32032371 1.398277  ]
 [0.19360355 0.31951383 1.3948919 ]
 [0.19489239 0.32428178 1.3974938 ]
 [0.19480622 0.32773414 1.3982685 ]
 [0.19410682 0.33044201 1.3992511 ]
 [0.19066966 0.33204475 1.4001318 ]
 [0.1911191  0.32983226 1.398663  ]
 [0.19366567 0.3290852  1.3994331 ]
 [0.19048066 0.31833771 1.4057453 ]
 [0.1952654  0.32039011 1.4068652 ]
 [0.1952654  0.31759059 1.4068652 ]
 [0.19122601 0.33555746 1.4018564 ]
 [0.19468118 0.3401421  1.3997275 ]
 [0.19423884 0.33684021 1.4052194 ]
 [0.19287977 0.31920874 1.4098908 ]
 [0.19308737 0.31674376 1.4114083 ]
 [0.19305287 0.32147157 1.4088823 ]
 [0.18997523 0.32159704 1.4117734 ]
 [0.19402356 0.32704183 1.4114083 ]
 [0.19589594 0.32891423 1.4114083 ]
 [0.19171721 0.33131075 1.4132767 ]
 [0.1943785 0.3381933 1.4126251]
 [0.19463636 0.34213051 1.4133103 ]
 [0.19007422 0.33604205 1.4098908 ]
 [0.1906846  0.33579823 1.4144019 ]
 [0.19653347 0.34570605 1.3997233 ]
 [0.19395167 0.34516099 1.4087117 ]
 [0.1954298  0.34337443 1.4121079 ]
 [0.21287057 0.29386446 1.3733835 ]
 [0.21464258 0.2957097  1.3718235 ]
 [0.2150213  0.29241607 1.3751175 ]
 [0.21884501 0.29282245 1.3735863 ]
 [0.22627993 0.29148495 1.3679562 ]
 [0.22709483 0.29078099 1.3770154 ]
 [0.22933267 0.29001078 1.3780066 ]
 [0.22895926 0.29140949 1.3845295 ]
 [0.23643382 0.29538214 1.3753774 ]
 [0.23022713 0.29265636 1.3813537 ]
 [0.2226139  0.29557025 1.4006069 ]
 [0.22588667 0.29409459 1.4023751 ]
 [0.23549561 0.29287046 1.4000313 ]
 [0.23299457 0.29176429 1.394829  ]
 [0.2402776  0.29152524 1.3799653 ]
 [0.2382534  0.29510087 1.3857442 ]
 [0.23718168 0.29166541 1.3898659 ]
 [0.23727731 0.29470283 1.3929676 ]
 [0.23735    0.29287121 1.4000401 ]
 [0.24302834 0.29500335 1.3971217 ]
 [0.229729   0.29180652 1.4084766 ]
 [0.23984167 0.29414627 1.4060357 ]
 [0.23808397 0.2916902  1.4034773 ]
 [0.23819149 0.29426119 1.4068652 ]
 [0.24761409 0.29070595 1.3986052 ]
 [0.24483545 0.29070488 1.3985921 ]
 [0.24527544 0.29491618 1.4005898 ]
 [0.24401605 0.29367942 1.3949183 ]
 [0.24374875 0.28910273 1.3993647 ]
 [0.24401149 0.28999421 1.3949337 ]
 [0.24483919 0.29223663 1.4066639 ]
 [0.24569426 0.28965139 1.4048319 ]
 [0.24830343 0.29276407 1.4095372 ]
 [0.24747558 0.28947732 1.4098428 ]
 [0.24600926 0.28915876 1.4083278 ]
 [0.24342935 0.29478914 1.4090654 ]
 [0.19121721 0.32712191 1.4193875 ]
 [0.19121191 0.34122545 1.4193546 ]
 [0.19350353 0.3473545  1.417896  ]
 [0.19212762 0.34692007 1.4157794 ]
 [0.19146243 0.34329402 1.4162925 ]
 [0.1918333  0.34444731 1.4210191 ]
 [0.1934898  0.34882554 1.4211851 ]
 [0.1944145  0.35471281 1.4186212 ]
 [0.19345939 0.35041738 1.4147612 ]
 [0.19351892 0.35811862 1.4184717 ]
 [0.19036272 0.35748145 1.4195851 ]
 [0.19599637 0.36122748 1.4196261 ]
 [0.19444798 0.34659052 1.4220434 ]
 [0.19423544 0.35396752 1.4241028 ]
 [0.19601379 0.34980696 1.4227324 ]
 [0.25172865 0.28967279 1.4095122 ]
 [0.25167295 0.29491013 1.4144535 ]
 [0.23144241 0.29570836 1.4155471 ]
 [0.22704747 0.29967341 1.4261007 ]
 [0.23601605 0.29110253 1.4216615 ]
 [0.23354413 0.29615542 1.4234881 ]
 [0.23077349 0.29692081 1.4225768 ]
 [0.23562624 0.30755281 1.4252156 ]
 [0.23788123 0.29250655 1.427881  ]
 [0.19087335 0.36620373 1.4241463 ]
 [0.19462019 0.36344272 1.422662  ]
 [0.19132869 0.36297727 1.4226317 ]
 [0.19033864 0.34772927 1.4330037 ]
 [0.19487824 0.3544707  1.4314393 ]
 [0.19350544 0.35085559 1.4283223 ]
 [0.19139379 0.35790586 1.4337876 ]
 [0.198015   0.36052099 1.4285965 ]
 [0.19208242 0.36795416 1.4316628 ]
 [0.19376221 0.3687399  1.4313688 ]
 [0.19235484 0.36495221 1.4345715 ]
 [0.19614108 0.37534165 1.4318821 ]
 [0.19494268 0.35757163 1.4364578 ]
 [0.19348374 0.36429965 1.4355358 ]
 [0.19568312 0.36362591 1.436349  ]
 [0.19452105 0.37110057 1.4364802 ]
 [0.1945772  0.37101313 1.4360995 ]
 [0.19753315 0.36686972 1.4348167 ]
 [0.20145482 0.37128368 1.4377176 ]
 [0.19819583 0.3713811  1.4360635 ]
 [0.1999861  0.37018821 1.4408773 ]
 [0.20189756 0.37018821 1.4408773 ]
 [0.19837016 0.37845954 1.435186  ]
 [0.20742194 0.38361979 1.4367727 ]
 [0.22828862 0.37576067 1.4607093 ]
 [0.23218128 0.38145161 1.4539903 ]
 [0.23096524 0.3758353  1.4519862 ]
 [0.23305748 0.38016203 1.4588379 ]
 [0.23056762 0.37651631 1.4572176 ]
 [0.23397644 0.37653974 1.4548593 ]
 [0.23576103 0.37577149 1.4595325 ]
 [0.23886338 0.37854561 1.4564829 ]
 [0.2140736 0.3900739 1.4189252]
 [0.21407507 0.39257878 1.4222262 ]
 [0.21067256 0.39347616 1.4242315 ]
 [0.21506234 0.39306137 1.4267664 ]
 [0.21436259 0.38989586 1.422124  ]
 [0.21607862 0.39151493 1.4273725 ]
 [0.20794387 0.39012489 1.4298782 ]
 [0.21228218 0.38973403 1.4322741 ]
 [0.21278518 0.39042315 1.4340518 ]
 [0.21654522 0.39136896 1.4335748 ]
 [0.21581377 0.3892577  1.4327991 ]
 [0.21695717 0.39135796 1.4205832 ]
 [0.21958563 0.39141363 1.4239857 ]
 [0.21922515 0.39339772 1.4273963 ]
 [0.22096565 0.39083916 1.422124  ]
 [0.22840855 0.39189091 1.4228827 ]
 [0.22521508 0.39433843 1.4228414 ]
 [0.22402623 0.39292687 1.4271383 ]
 [0.22107957 0.39108405 1.4320699 ]
 [0.22242217 0.39452222 1.4317446 ]
 [0.21890232 0.38966808 1.4331616 ]
 [0.21866104 0.39564043 1.4312049 ]
 [0.22260927 0.38986698 1.428648  ]
 [0.22645172 0.39410549 1.4315798 ]
 [0.22644766 0.39470583 1.4321061 ]
 [0.22917993 0.39386636 1.4325259 ]
 [0.22981016 0.39249781 1.4315836 ]
 [0.2263004  0.38955158 1.4330046 ]
 [0.22419883 0.39130566 1.433843  ]
 [0.2250158  0.38917643 1.4298782 ]
 [0.22756636 0.38954261 1.4339911 ]
 [0.24010414 0.39325652 1.4118457 ]
 [0.237074   0.39227948 1.4138321 ]
 [0.21947008 0.39129224 1.4367234 ]
 [0.2190619  0.39280605 1.4395413 ]
 [0.22267975 0.39271817 1.4377317 ]
 [0.22790684 0.39373931 1.4361428 ]
 [0.22976111 0.3925851  1.4378483 ]
 [0.2275597  0.39045462 1.4349047 ]
 [0.22855765 0.39566502 1.4379262 ]
 [0.22906873 0.3955285  1.4374551 ]
 [0.22981203 0.38992891 1.4361428 ]
 [0.2345605  0.39128762 1.439335  ]
 [0.23439099 0.39303336 1.4404339 ]
 [0.23502018 0.39396697 1.435479  ]
 [0.23174194 0.39159626 1.4349213 ]
 [0.23095803 0.39527452 1.438123  ]
 [0.23851727 0.39237198 1.4373615 ]
 [0.23913576 0.3939569  1.4399211 ]
 [0.2371359  0.39333811 1.4412346 ]
 [0.24175209 0.38741738 1.4033886 ]
 [0.23325008 0.38100159 1.4456432 ]
 [0.23215897 0.38198581 1.4451988 ]
 [0.23511003 0.38538697 1.4436179 ]
 [0.23107751 0.38249767 1.444051  ]
 [0.23429181 0.39102924 1.4434834 ]
 [0.23417409 0.39144632 1.4467777 ]
 [0.24070235 0.38775927 1.442867  ]
 [0.24039118 0.38781762 1.4424624 ]
 [0.23702179 0.38730019 1.4436226 ]
 [0.23799922 0.38781762 1.4424624 ]
 [0.23729503 0.38812634 1.4457496 ]
 [0.23901005 0.39400035 1.4436663 ]
 [0.24295749 0.39270067 1.4463525 ]
 [0.23705928 0.39090821 1.4428216 ]
 [0.24889539 0.37773374 1.4477237 ]
 [0.24829929 0.38225654 1.4478613 ]
 [0.24483538 0.38751858 1.4461086 ]
 [0.24717577 0.38352045 1.4467069 ]
 [0.2495164  0.38763359 1.4460622 ]
 [0.24715409 0.39202893 1.4456432 ]
 [0.18978143 0.31102547 1.3868903 ]
 [0.18942602 0.30598128 1.3936565 ]
 [0.20000604 0.294862   1.4008529 ]
 [0.1899026  0.31026149 1.3948919 ]
 [0.18832502 0.3245036  1.3957019 ]
 [0.1892602  0.30294284 1.4038527 ]
 [0.19112256 0.30480522 1.4038527 ]
 [0.18820386 0.31640321 1.4098908 ]
 [0.18759054 0.31549159 1.4178667 ]
 [0.1854471  0.31806624 1.4209155 ]
 [0.18784827 0.31855053 1.414809  ]
 [0.18784755 0.32042491 1.4148046 ]
 [0.1883961  0.32524076 1.4193802 ]
 [0.18758771 0.32300535 1.4178491 ]
 [0.18544514 0.32324311 1.4209033 ]
 [0.18938957 0.34377176 1.4200464 ]
 [0.18988246 0.34816924 1.4201888 ]
 [0.22285137 0.28823683 1.3735286 ]
 [0.2261164  0.28380948 1.3787575 ]
 [0.22734131 0.28331336 1.3809062 ]
 [0.23290586 0.28666732 1.3794765 ]
 [0.23128007 0.28499216 1.3758656 ]
 [0.23473434 0.28301376 1.3794937 ]
 [0.23383975 0.28657234 1.3848079 ]
 [0.23603214 0.28882635 1.3896886 ]
 [0.23838826 0.28392875 1.379509  ]
 [0.23905183 0.29520282 1.3722405 ]
 [0.23850991 0.29936025 1.3722681 ]
 [0.23911048 0.29662514 1.3705373 ]
 [0.24010231 0.28821746 1.3911793 ]
 [0.22324984 0.2874746  1.3970771 ]
 [0.22534639 0.284621   1.4005197 ]
 [0.24326499 0.28889611 1.3958694 ]
 [0.23980054 0.28742057 1.4053574 ]
 [0.24259707 0.28742057 1.4053574 ]
 [0.24777548 0.28715026 1.3949077 ]
 [0.24554563 0.28530234 1.407559  ]
 [0.24618518 0.2836718  1.4098908 ]
 [0.18990567 0.35975716 1.4210985 ]
 [0.1883266  0.35714945 1.4345716 ]
 [0.18959534 0.36190724 1.4345715 ]
 [0.23696654 0.28783104 1.4233581 ]
 [0.2231821 0.300376  1.4287022]
 [0.22986867 0.29881829 1.4305513 ]
 [0.23442079 0.30016553 1.4288955 ]
 [0.23665518 0.30699691 1.4314393 ]
 [0.18810385 0.3483963  1.4377176 ]
 [0.18820709 0.35335779 1.4385066 ]
 [0.19128264 0.35284662 1.4377176 ]
 [0.18810385 0.36174726 1.4377176 ]
 [0.18923663 0.35767207 1.4366678 ]
 [0.23428328 0.38461557 1.4520469 ]
 [0.23317093 0.38811195 1.4531207 ]
 [0.23620957 0.38365245 1.4520469 ]
 [0.23419066 0.38273349 1.4491898 ]
 [0.23851623 0.38679945 1.4524016 ]
 [0.2429519  0.38557816 1.4520485 ]
 [0.23738925 0.38593456 1.4491974 ]
 [0.23667677 0.38689819 1.450976  ]
 [0.24304092 0.3827433  1.4588809 ]
 [0.24666052 0.3743014  1.4568871 ]
 [0.24445617 0.37388596 1.4552701 ]
 [0.24914686 0.375135   1.4601318 ]
 [0.24628413 0.37772083 1.4508569 ]
 [0.24597731 0.38193721 1.4528518 ]
 [0.24451287 0.37914905 1.4567026 ]
 [0.24766345 0.37929404 1.4552034 ]
 [0.24845526 0.38085389 1.4560785 ]
 [0.2485626  0.38181481 1.4578294 ]
 [0.24415065 0.37995589 1.4556605 ]
 [0.24607833 0.38188505 1.4556651 ]
 [0.24820286 0.38637072 1.4508458 ]
 [0.247623   0.38653788 1.4532493 ]
 [0.24418516 0.38311356 1.4536567 ]
 [0.24745682 0.38472775 1.4572783 ]
 [0.22178006 0.39593115 1.4314393 ]
 [0.22228684 0.39579543 1.4371994 ]
 [0.22479653 0.39816543 1.4243541 ]
 [0.22631098 0.39864045 1.4326065 ]
 [0.22886914 0.39798599 1.4336711 ]
 [0.22352299 0.39949644 1.4289582 ]
 [0.22575438 0.39711472 1.4345716 ]
 [0.2258583  0.39627239 1.4380215 ]
 [0.22564635 0.39591894 1.4361887 ]
 [0.2349994  0.39747632 1.4394977 ]
 [0.23185541 0.39712125 1.4355376 ]
 [0.23165725 0.39583597 1.4364787 ]
 [0.23915605 0.39777601 1.4391102 ]
 [0.23721197 0.39671636 1.4396491 ]
 [0.24430448 0.3969717  1.4422648 ]
 [0.23866707 0.39169517 1.4491889 ]
 [0.25227794 0.3716768  1.4457355 ]
 [0.25064698 0.38221243 1.4479017 ]
 [0.22806838 0.28124624 1.3841846 ]
 [0.22799884 0.28171682 1.3908296 ]
 [0.23875289 0.28101528 1.4028517 ]
 [0.24127705 0.28137571 1.4031019 ]
 [0.25345185 0.37693819 1.4580233 ]
 [0.2516928  0.37771496 1.4558419 ]
 [0.25024787 0.38353878 1.4552701 ]
pts_ids list 1244
 [206383, 206799, 256657, 206047, 206075, 206516, 206443, 206854, 206138, 206078, 256362, 206079, 256577, 206331, 256659, 206586, 206382, 257256, 257680, 206919, 256575, 206261, 256474, 256473, 206587, 206387, 206384, 82929, 83036, 83121, 256923, 256926, 206731, 257113, 206447, 205933, 206008, 255985, 205852, 256102, 205795, 205936, 257409, 257108, 206920, 141443, 25198, 207372, 25199, 206335, 256836, 206521, 256665, 206336, 256752, 256837, 257009, 256479, 206210, 256478, 206591, 255977, 82168, 23945, 206025, 82550, 82755, 82928, 82973, 255984, 305903, 256197, 255771, 256358, 206515, 206585, 256830, 256656, 82613, 256463, 82744, 256920, 141105, 141104, 141035, 256576, 206330, 256245, 206442, 257005, 206270, 256367, 306101, 256249, 256579, 256484, 256751, 206518, 257112, 206517, 304832, 304959, 305086, 304962, 305444, 304836, 205726, 141386, 141557, 207371, 141212, 141213, 141571, 141255, 141442, 141444, 207654, 207651, 207444, 207650, 141661, 141852, 25410, 255889, 305729, 306203, 206595, 306576, 206450, 206602, 256759, 206596, 257116, 207152, 304825, 205350, 23856, 255173, 205363, 254835, 305216, 23950, 24052, 82300, 82354, 82621, 255525, 304958, 255182, 255389, 82457, 205786, 305227, 82764, 205846, 205666, 205507, 23615, 255162, 254826, 205845, 82004, 205843, 255387, 255383, 23850, 205588, 255526, 255664, 305432, 305426, 205667, 255174, 255513, 256088, 255972, 23691, 82216, 255194, 255533, 205678, 305726, 205851, 306011, 206207, 206260, 255669, 255779, 306013, 206140, 306197, 206077, 206074, 256361, 306199, 206329, 305232, 23753, 305830, 306301, 306275, 256477, 306359, 206334, 306492, 256663, 256835, 206386, 257008, 305640, 305732, 256251, 256314, 256370, 206269, 25299, 206520, 25300, 206736, 306494, 206740, 256664, 207091, 304324, 304329, 141519, 207743, 141710, 141711, 207905, 141755, 141795, 141850, 141849, 141813, 141897, 141925, 142019, 305454, 305913, 306206, 256492, 256583, 306412, 306276, 206454, 256843, 206601, 256763, 306732, 206605, 25597, 257012, 306728, 206922, 206961, 25704, 306983, 306985, 257121, 257260, 207339, 207252, 205165, 254355, 205362, 254598, 304188, 304133, 304319, 205512, 254975, 23855, 23849, 204986, 205077, 304176, 204933, 81744, 254478, 304310, 23620, 254593, 304563, 304697, 254244, 254592, 304189, 304311, 304454, 254471, 23488, 254245, 254713, 205244, 205351, 23489, 81645, 81797, 254968, 254718, 304183, 304321, 304320, 304570, 254723, 82365, 254982, 24171, 82226, 205370, 255193, 304831, 24095, 82360, 82456, 82451, 82549, 304568, 23863, 305085, 205592, 304957, 305226, 255668, 82465, 82466, 305439, 205995, 24434, 256284, 255378, 205720, 81740, 255163, 23490, 205352, 205719, 23688, 23612, 23847, 206131, 23845, 206004, 255757, 206003, 23689, 23692, 23747, 255988, 305908, 256313, 206073, 206259, 256244, 24780, 206446, 305910, 256104, 256483, 256366, 24912, 306573, 206449, 24978, 206735, 206730, 306015, 305912, 25206, 206594, 256669, 25202, 256662, 25525, 25350, 306411, 306106, 306202, 25416, 25527, 256758, 206600, 206524, 207093, 25701, 207249, 142050, 142055, 207507, 142355, 256930, 256929, 206604, 306731, 257124, 306812, 206742, 207047, 307109, 307105, 207153, 257411, 207048, 25753, 307110, 257532, 257533, 206965, 25754, 257534, 257345, 257344, 257535, 207154, 25895, 207255, 307458, 307520, 25896, 25898, 207416, 307457, 204732, 204800, 23411, 204985, 23353, 253919, 254120, 204932, 254354, 23539, 23752, 254477, 304453, 304701, 205671, 205511, 304955, 82003, 254974, 305082, 303678, 204733, 23306, 254017, 253914, 23305, 303687, 304015, 204805, 303949, 204671, 303679, 254115, 254116, 304016, 304021, 303951, 303847, 82353, 23944, 205783, 205253, 205674, 254981, 82359, 305084, 305431, 82551, 24462, 82754, 205785, 24170, 253839, 81066, 81307, 204983, 205156, 81371, 81143, 205347, 254013, 254107, 253835, 23115, 303556, 254472, 81262, 81372, 254239, 205718, 205505, 205664, 303832, 205842, 81366, 81259, 255153, 255508, 255966, 205170, 205677, 82763, 255532, 255666, 255983, 305721, 83038, 255667, 206135, 24624, 24540, 256357, 255674, 305725, 305728, 255777, 256101, 256360, 206514, 206445, 24783, 24779, 206381, 255154, 255967, 23484, 140035, 140040, 140173, 140124, 140123, 206253, 206063, 23610, 140261, 206508, 140262, 206580, 255992, 305829, 305909, 255778, 206264, 256365, 206144, 206081, 25014, 25201, 306336, 306201, 206333, 206453, 206389, 256841, 256757, 306807, 206739, 306410, 306337, 206599, 256927, 256842, 206802, 257259, 306730, 307108, 207092, 206923, 257123, 257531, 306906, 257343, 206964, 257635, 207319, 25894, 142409, 142478, 257261, 307319, 257127, 257128, 306816, 307320, 207049, 257636, 257262, 206804, 307247, 207155, 206966, 307321, 257685, 25897, 257686, 307659, 307862, 307523, 25959, 207256, 25958, 257954, 257876, 257875, 307660, 207257, 257985, 257955, 307394, 207320, 307395, 26034, 257751, 307111, 307323, 26082, 84625, 26033, 26081, 258402, 253543, 253303, 303428, 81261, 81147, 205158, 81365, 23304, 205159, 304171, 205240, 81464, 205076, 253308, 253690, 303432, 304011, 303677, 253791, 304441, 81644, 81465, 204982, 205163, 304014, 254114, 304309, 205164, 254717, 204424, 302910, 80888, 253181, 81019, 253180, 302737, 204271, 204729, 204624, 81065, 23185, 23117, 23278, 204497, 303176, 303300, 302918, 253038, 253190, 253430, 253438, 303182, 253437, 204425, 81020, 253431, 302911, 23035, 253182, 80889, 303301, 204557, 253548, 303433, 253191, 253309, 303440, 253691, 303311, 205360, 205361, 304824, 255172, 305081, 305222, 82223, 205670, 82352, 305632, 255181, 255524, 205931, 305720, 205932, 305902, 24169, 305634, 23036, 253544, 303295, 303429, 204490, 303174, 253682, 303036, 253683, 303043, 206206, 24166, 206205, 206069, 206070, 255882, 205849, 255770, 205935, 205850, 205790, 206137, 83035, 306094, 80734, 22827, 204484, 204420, 253026, 204799, 80847, 23240, 80735, 204332, 253168, 80794, 204268, 22828, 204485, 81018, 81062, 303173, 22978, 253169, 253027, 22822, 22823, 81139, 204862, 253677, 80842, 254008, 80881, 23186, 81063, 139487, 81140, 254233, 81303, 23233, 139597, 206129, 206252, 206046, 205595, 205729, 205730, 255888, 205857, 205789, 255982, 206208, 206258, 206583, 24726, 206441, 306571, 306802, 306490, 206590, 306491, 205794, 306300, 206268, 206209, 306406, 306100, 206519, 306572, 256750, 206444, 256661, 206592, 24910, 206855, 206853, 24909, 206957, 307388, 306185, 140168, 256825, 256916, 139982, 140034, 256646, 256917, 206507, 306625, 306391, 140258, 140369, 140515, 140517, 140370, 140259, 257092, 206952, 257093, 306575, 206593, 256834, 206959, 257341, 257115, 306982, 25197, 25298, 25412, 25524, 207248, 206960, 307104, 306984, 257746, 207251, 307519, 307739, 207254, 257748, 257750, 307740, 207505, 258143, 207574, 207447, 207658, 207446, 258248, 207508, 207448, 207659, 258021, 207449, 142562, 142589, 257687, 257986, 306908, 307396, 207050, 257414, 257688, 306990, 207220, 26172, 257987, 307741, 307863, 207417, 307661, 26119, 307742, 307459, 306987, 307525, 307998, 207661, 207660, 258329, 207510, 207576, 207575, 258249, 307953, 207450, 258147, 308103, 258250, 84682, 258331, 258330, 26334, 258251, 306910, 306909, 26405, 26171, 26402, 26332, 84624, 84794, 84758, 84850, 258982, 258466, 26333, 26403, 254106, 253537, 204727, 23158, 253676, 254101, 23303, 254238, 204931, 205157, 23352, 304298, 254474, 304687, 23180, 204930, 205581, 205580, 205345, 304683, 255161, 205349, 255512, 255382, 205585, 81897, 305417, 305425, 205782, 302593, 302369, 80695, 204185, 302599, 256084, 255971, 205780, 205928, 255976, 256092, 306009, 305896, 306003, 256460, 206257, 206254, 306093, 256095, 256472, 206437, 206510, 206378, 256919, 206511, 206513, 257002, 206584, 206728, 206440, 257107, 256100, 256658, 306638, 80692, 22726, 80688, 22670, 252868, 80689, 253907, 254466, 22824, 80790, 139484, 139485, 256075, 255649, 22816, 23111, 23106, 23234, 256076, 205926, 139592, 256455, 206127, 206250, 255963, 255962, 305993, 305392, 305883, 305386, 206251, 306273, 306475, 306470, 306387, 256647, 257525, 257528, 206956, 257255, 257338, 25012, 25141, 307235, 257111, 307243, 307317, 307318, 25091, 25411, 307510, 206434, 206798, 140122, 140514, 140167, 140412, 140411, 207338, 140408, 307658, 307515, 307514, 207653, 207572, 207443, 207656, 258019, 258247, 307996, 207749, 307997, 207825, 258454, 207826, 207827, 258591, 258460, 207913, 258592, 208153, 208154, 258463, 207830, 309468, 259765, 142599, 259978, 259916, 142645, 142717, 208918, 307249, 307526, 307663, 207373, 207258, 307864, 207509, 207623, 258403, 308102, 308045, 207156, 257877, 307865, 207259, 307528, 307527, 307817, 307999, 258253, 26404, 258252, 258022, 26522, 308000, 308046, 26478, 207662, 258332, 207511, 84797, 306648, 306818, 308266, 84973, 84934, 207836, 84935, 258465, 85019, 207916, 207832, 258841, 84993, 26593, 258467, 258710, 26594, 85017, 259060, 306214, 208430, 259378, 259219, 208370, 85016, 85064, 26591, 208259, 259220, 208258, 208431, 85067, 208503, 259132, 142590, 142647, 208502, 208501, 259413, 208433, 304554, 205717, 206024, 205778, 305631, 206128, 206130, 206436, 257404, 257669, 257097, 257100, 257523, 257406, 257671, 24976, 25093, 80596, 204722, 254098, 254004, 253787, 254001, 254462, 254958, 254002, 22727, 22936, 22730, 255144, 139067, 139066, 255751, 206201, 206202, 255650, 206326, 206432, 307390, 207745, 207748, 140032, 140560, 140561, 140562, 207570, 207907, 208029, 207909, 207911, 207824, 208719, 208802, 208717, 259613, 259716, 208720, 259617, 208667, 259979, 208916, 208850, 209111, 259682, 208718, 208919, 142719, 208920, 259917, 259843, 259844, 259684, 259741, 208800, 259919, 207577, 26668, 307666, 308051, 308107, 307921, 207754, 258709, 258601, 85072, 26669, 258602, 85073, 258842, 208260, 259618, 142480, 142648, 254461, 138881, 206062, 206126, 142718, 142692, 208851]
End_PTSFORFIT
End_CYLINDER
